31.164823 -87.973090
31.171948 -87.993278
31.154437 -88.015526
31.152693 -88.328297
31.123445 -88.326580
31.120879 -88.434563
31.435618 -88.450803
31.702245 -88.465097
31.700429 -88.089440
31.671079 -88.077575
31.656618 -88.088592
31.602602 -88.075018
31.581238 -88.011440
31.577879 -88.033536
31.567780 -88.028881
31.536771 -87.962839
31.531737 -87.929100
31.496200 -87.901336
31.458905 -87.910659
31.445472 -87.929168
31.434694 -87.909522
31.414334 -87.922263
31.411770 -87.902464
31.365427 -87.886228
31.331010 -87.905668
31.343531 -87.919356
31.318031 -87.924132
31.318937 -87.956260
31.312568 -87.957992
31.299526 -87.939490
31.287844 -87.953101
31.277346 -87.953307
31.277552 -87.968292
31.264991 -87.984588
31.255659 -87.937125
31.230893 -87.929571
31.196354 -87.941473
31.173457 -87.937101
31.164823 -87.973090
