53.522742 -166.645219
53.546355 -166.711319
53.481076 -166.667708
53.562742 -166.791060
53.445521 -166.754709
53.476623 -166.887460
53.415782 -167.143566
53.255752 -167.500759
53.236582 -167.666948
53.303252 -167.844705
53.383830 -167.693324
53.371603 -167.485228
53.434667 -167.478547
53.404658 -167.326072
53.469386 -167.304952
53.465231 -167.162732
53.518839 -167.184097
53.525229 -166.964121
53.592458 -167.161883
53.614679 -166.997964
53.664965 -167.065537
53.701078 -167.031906
53.707192 -166.902450
53.624688 -166.803268
53.699686 -166.827439
53.716631 -166.708269
53.750801 -167.031909
53.852751 -167.162751
54.008300 -166.752505
53.965233 -166.592989
53.918010 -166.639401
53.827471 -166.601617
53.884400 -166.458043
54.001343 -166.375514
53.944120 -166.370790
53.973287 -166.266410
53.908015 -166.266408
53.927462 -166.216945
53.781906 -166.539118
53.771631 -166.490201
53.709422 -166.572714
53.688863 -166.485803
53.755536 -166.417176
53.714423 -166.373841
53.778019 -166.333594
53.677750 -166.279117
53.626911 -166.540214
53.534417 -166.592700
53.592468 -166.665821
53.522742 -166.645219
53.703867 -166.221354
53.792202 -166.295237
53.838582 -166.091951
53.703867 -166.221354
53.494654 -167.797253
53.379920 -167.850843
53.235187 -168.287532
53.045981 -168.472312
52.818123 -169.109577
52.937324 -168.882379
53.066802 -168.770404
53.146526 -168.795959
53.271294 -168.623432
53.258800 -168.360903
53.332140 -168.430645
53.474649 -168.353939
53.562712 -168.007523
53.494654 -167.797253
52.417347 -174.161330
52.320126 -173.991826
52.222336 -174.065457
52.221776 -174.196532
52.102619 -174.100971
52.105941 -174.434362
52.096765 -174.377078
52.036213 -174.416045
52.089266 -174.523536
52.033708 -174.487642
52.049532 -174.704054
52.000921 -174.722148
52.012841 -175.338270
52.020635 -175.024351
52.110373 -174.906889
52.099542 -174.579631
52.139273 -174.499368
52.175665 -174.551313
52.241788 -174.234620
52.311776 -174.448533
52.417347 -174.161330
51.583033 -176.941084
51.656360 -176.974723
51.768592 -176.818022
51.804982 -176.907750
51.781949 -176.704951
51.823328 -176.781650
51.851394 -176.703036
51.943884 -176.774177
51.982222 -176.558365
51.908607 -176.548588
51.855837 -176.644715
51.835004 -176.428853
51.728892 -176.432198
51.751945 -176.509137
51.602762 -176.800545
51.712757 -176.828880
51.583033 -176.941084
51.590475 -177.910315
51.663259 -178.103365
51.763271 -177.957791
51.875220 -178.217598
51.917729 -177.948677
51.830776 -177.836721
51.850798 -177.621988
51.787448 -177.799758
51.590475 -177.910315
