56.800972 -158.798408
56.760329 -158.642627
56.976433 -158.702059
57.052546 -158.650977
57.323400 -158.287372
57.362849 -158.057085
57.491181 -157.940146
57.566750 -157.680712
57.473958 -157.659314
57.494251 -157.394325
57.559248 -157.399058
57.544529 -157.451243
57.492579 -157.422371
57.488410 -157.594585
57.621189 -157.602372
57.642580 -157.708763
58.088972 -157.612095
58.205919 -157.395729
58.161756 -157.140723
58.238421 -157.337107
58.211473 -157.467383
58.302863 -157.567123
58.392309 -157.551294
58.611000 -157.265521
58.630190 -156.316504
58.903315 -156.316765
58.898965 -156.948271
58.997070 -156.857424
59.150660 -156.781337
59.102883 -156.867150
59.008713 -156.885486
58.873706 -157.114089
58.863482 -157.155623
59.257353 -157.245524
59.320420 -156.752708
59.421332 -156.752714
59.421333 -156.647671
59.509626 -156.655764
59.505428 -156.461867
59.597929 -156.469944
59.593721 -156.122528
59.682025 -156.130621
59.686227 -155.960957
60.907604 -155.961095
60.908540 -153.436191
60.634236 -153.393449
60.472605 -153.394677
60.472013 -153.528016
60.122424 -153.531064
60.121447 -153.656546
59.784908 -153.654895
59.696100 -153.955892
59.520076 -153.954486
59.501028 -154.124869
59.431298 -154.121262
59.428683 -154.414559
59.254641 -154.409387
59.237427 -154.748759
58.986465 -154.692807
58.646809 -154.637276
58.646825 -154.305932
58.464075 -154.303324
58.464073 -154.445610
58.390022 -154.445619
58.236204 -155.331040
57.897270 -155.331050
57.829550 -155.693852
57.702304 -155.767708
57.702509 -155.895971
57.635683 -155.821233
57.515407 -156.445777
57.399644 -156.494523
57.269775 -156.750451
57.197493 -156.749882
57.195226 -156.382158
57.178995 -156.345109
57.141214 -156.370375
57.120650 -156.475384
57.048155 -156.509283
57.052318 -156.647896
56.976757 -156.550662
57.044266 -156.781779
56.897039 -156.815676
56.978138 -156.957317
56.907306 -156.946204
56.822866 -157.089544
56.847300 -157.190103
56.818142 -157.149024
56.770630 -157.218693
56.848682 -157.452344
56.764521 -157.398444
56.718122 -157.602333
56.668686 -157.481754
56.615073 -157.483155
56.608399 -157.687049
56.677564 -157.789292
56.567282 -158.112310
56.525052 -158.125369
56.556445 -157.850931
56.466723 -157.878970
56.511998 -158.137331
56.458661 -158.142883
56.443100 -158.425110
56.263659 -158.652026
56.246434 -158.539815
56.293659 -158.562308
56.340323 -158.459803
56.282559 -158.209248
56.233383 -158.401782
56.172273 -158.339520
56.232833 -158.122575
56.124215 -158.359506
56.171989 -158.412582
56.061988 -158.418134
56.093930 -158.503441
55.992827 -158.442033
56.023097 -158.568435
56.056713 -158.510950
56.035327 -158.597299
56.093371 -158.604501
56.183935 -158.475911
56.199213 -158.630628
56.160320 -158.565934
56.108934 -158.657873
56.144486 -158.698401
56.059762 -158.662296
56.036156 -158.738127
56.017816 -158.649813
55.954209 -158.672026
56.010040 -158.856708
55.913649 -158.929489
55.874468 -159.361719
55.785585 -159.426523
55.896142 -159.468402
55.880302 -159.545629
55.758636 -159.505743
55.667570 -159.564447
55.888485 -159.564677
55.888481 -159.868103
56.321694 -159.809653
56.322593 -159.903648
56.491982 -159.899428
56.580922 -159.275497
56.671762 -159.275502
56.669420 -159.028596
56.754058 -159.028601
56.800972 -158.798408
