34.494922 -92.202373
34.496429 -92.235341
34.584597 -92.235111
34.587141 -92.337959
34.628515 -92.337242
34.631078 -92.435688
34.676507 -92.436290
34.678468 -92.484457
34.692979 -92.485578
34.693764 -92.543213
34.766499 -92.542167
34.769573 -92.649219
34.852255 -92.649791
34.853853 -92.741217
34.854448 -92.752455
34.909879 -92.752554
34.910863 -92.649951
34.940450 -92.647792
34.935910 -92.544372
34.957810 -92.540748
34.952641 -92.476576
34.944855 -92.461125
34.909780 -92.446873
34.870153 -92.450963
34.861342 -92.439976
34.911660 -92.426197
34.921086 -92.412532
34.934319 -92.410228
34.928643 -92.230512
35.024139 -92.226041
35.022453 -92.120395
35.019389 -92.074243
34.730377 -92.078581
34.689587 -92.094558
34.630315 -92.103744
34.629197 -92.030507
34.493385 -92.027745
34.494922 -92.202373
