39.390381 -121.014788
39.513568 -121.021635
39.517615 -121.036780
39.533995 -121.035307
39.555602 -120.998304
39.629481 -121.000608
39.673184 -120.939028
39.745022 -120.919611
39.754311 -120.883591
39.770776 -120.864716
39.767705 -120.846587
39.709551 -120.789623
39.711788 -120.745463
39.704193 -120.710961
39.678178 -120.670150
39.700495 -120.635985
39.700555 -120.457719
39.708760 -120.456315
39.710286 -120.139907
39.709758 -120.013660
39.720180 -120.014095
39.720611 -119.996165
39.443501 -119.996011
39.442407 -120.491864
39.453569 -120.514455
39.506058 -120.551026
39.516567 -120.580179
39.514930 -120.636783
39.498530 -120.685483
39.473929 -120.704504
39.446668 -120.751395
39.410512 -120.967034
39.389953 -120.999864
39.390381 -121.014788
