30.582690 -82.463135
30.589054 -82.582958
30.650683 -82.576710
30.702958 -82.590056
30.733111 -82.686776
30.730363 -82.761164
30.737071 -82.785327
30.786283 -82.828008
30.806841 -82.828718
30.837976 -82.844717
30.866604 -82.973076
31.186714 -82.965551
31.181853 -82.670609
31.016667 -82.584569
31.003526 -82.560132
30.968243 -82.524341
30.962297 -82.484148
30.820557 -82.486220
30.819951 -82.431348
30.730402 -82.428676
30.728878 -82.414805
30.714692 -82.415445
30.715746 -82.429843
30.613817 -82.427872
30.612703 -82.416152
30.577308 -82.412093
30.582690 -82.463135
