32.290271 -83.621679
32.289797 -83.843019
32.344257 -83.837497
32.346092 -83.850620
32.375342 -83.848774
32.375418 -83.833027
32.431671 -83.828122
32.432522 -83.843382
32.455321 -83.843397
32.451739 -83.814405
32.436607 -83.816945
32.436553 -83.804982
32.444804 -83.803747
32.443874 -83.790654
32.486699 -83.791609
32.485681 -83.781226
32.505272 -83.781615
32.504849 -83.766906
32.494744 -83.769149
32.496117 -83.741469
32.528926 -83.741927
32.518054 -83.712034
32.589712 -83.709387
32.589956 -83.715933
32.628327 -83.713370
32.628045 -83.722075
32.648155 -83.720289
32.649021 -83.707792
32.681819 -83.708235
32.658255 -83.590496
32.651007 -83.560192
32.621073 -83.540874
32.590782 -83.532993
32.559510 -83.541942
32.523279 -83.534343
32.496874 -83.518489
32.476219 -83.493647
32.450250 -83.493051
32.418683 -83.481887
32.399377 -83.487021
32.394727 -83.519410
32.290271 -83.621679
