47.411771 -116.328613
47.016671 -116.328666
47.018172 -116.461655
47.028732 -116.461571
47.026013 -116.834722
47.037033 -116.837355
47.074753 -116.912477
47.061915 -116.961740
47.119781 -116.985020
47.119319 -117.040968
47.258501 -117.042392
47.361442 -117.041795
47.359950 -116.815164
47.373741 -116.815798
47.375054 -116.773668
47.385632 -116.774301
47.385106 -116.738854
47.367181 -116.738930
47.368321 -116.632611
47.395440 -116.632460
47.396242 -116.590985
47.410032 -116.590231
47.410275 -116.521984
47.404751 -116.520687
47.411771 -116.328613
