43.282143 -116.502135
43.308329 -116.574312
43.355757 -116.608663
43.373151 -116.645721
43.451617 -116.731077
43.465323 -116.756255
43.504050 -116.779466
43.537734 -116.783153
43.581946 -116.823447
43.594302 -116.884081
43.633494 -116.945350
43.662639 -116.963669
43.679031 -117.026295
43.753702 -117.023795
43.800142 -117.037117
43.831568 -117.027627
43.839770 -117.010505
43.852972 -117.016220
43.859351 -116.985770
43.873469 -116.978148
43.873916 -116.948964
43.828829 -116.946461
43.826525 -116.902078
43.812407 -116.900826
43.810568 -116.881813
43.800093 -116.879295
43.799143 -116.841268
43.783659 -116.841306
43.783129 -116.785540
43.791777 -116.784884
43.791262 -116.750664
43.800822 -116.748726
43.800269 -116.701826
43.798767 -116.505345
43.628944 -116.506570
43.627434 -116.469283
43.449894 -116.463717
43.449146 -116.504711
43.282143 -116.502135
