37.684695 -87.413296
37.731109 -87.396855
37.747509 -87.323611
37.777611 -87.283121
37.788075 -87.285143
37.802257 -87.317340
37.817219 -87.317485
37.820610 -87.329624
37.893718 -87.310559
37.870819 -87.272746
37.849118 -87.226762
37.838640 -87.175781
37.826968 -87.158080
37.789736 -87.131879
37.784251 -87.106427
37.807136 -87.071308
37.908005 -87.036480
37.924764 -87.013156
37.930616 -86.989032
37.913172 -86.978533
37.892782 -86.979235
37.898925 -86.925927
37.878497 -86.903313
37.838026 -86.919304
37.826552 -86.912712
37.835853 -86.859923
37.793487 -86.829969
37.736396 -86.832029
37.708181 -86.869132
37.672796 -86.826757
37.625874 -86.922043
37.630257 -86.957933
37.564070 -87.047321
37.571650 -87.063335
37.567446 -87.102970
37.574121 -87.142827
37.684695 -87.413296
