38.016334 -83.021932
38.002460 -83.043051
38.019736 -83.077842
38.011500 -83.128907
38.001136 -83.139169
38.020315 -83.158595
38.026643 -83.201962
38.052472 -83.227285
38.071469 -83.270187
38.122039 -83.255355
38.141654 -83.221434
38.169364 -83.203809
38.189753 -83.256050
38.199125 -83.261711
38.213526 -83.223502
38.244554 -83.208518
38.272145 -83.162091
38.266835 -83.147274
38.238642 -83.129161
38.226019 -83.087396
38.191703 -83.048134
38.211829 -83.007620
38.180229 -82.985761
38.181290 -82.920528
38.136797 -82.895769
38.116388 -82.896425
38.085967 -82.939013
38.060458 -82.954761
38.056342 -82.979740
38.016334 -83.021932
