37.023335 -83.180337
37.035970 -83.187357
37.085249 -83.165261
37.106058 -83.172173
37.119082 -83.204035
37.148600 -83.229893
37.177283 -83.213588
37.200458 -83.248693
37.207549 -83.280524
37.232374 -83.330583
37.278917 -83.343530
37.300603 -83.359125
37.320244 -83.406223
37.297405 -83.439977
37.285850 -83.481491
37.257069 -83.487290
37.242859 -83.512193
37.261047 -83.531008
37.272670 -83.527178
37.293174 -83.556247
37.334262 -83.551226
37.341128 -83.524575
37.360114 -83.495201
37.376624 -83.489219
37.380992 -83.467398
37.355411 -83.419003
37.345135 -83.413456
37.347653 -83.391208
37.373246 -83.358346
37.385236 -83.326012
37.383928 -83.309287
37.442015 -83.210918
37.422930 -83.202075
37.412951 -83.184923
37.412250 -83.128074
37.314000 -83.108656
37.238591 -83.126135
37.245550 -83.068759
37.223226 -83.059100
37.207273 -83.007194
37.197652 -83.005722
37.180394 -83.022858
37.177884 -83.043916
37.134624 -83.059237
37.077974 -83.045045
37.055711 -83.070674
37.030755 -83.054331
37.004071 -83.099377
37.002697 -83.124906
37.012982 -83.130385
37.023335 -83.180337
