30.167839 -90.639289
30.121151 -90.914732
30.089841 -90.928969
30.075702 -90.959853
30.074008 -90.983566
30.085408 -91.020181
30.079053 -91.049081
30.084931 -91.086131
30.073917 -91.088030
30.072282 -91.105937
30.113911 -91.107807
30.114187 -91.088809
30.161782 -91.089199
30.170293 -91.070346
30.221327 -91.053882
30.226741 -91.059268
30.334933 -91.011569
30.350266 -90.994380
30.348593 -90.913361
30.355736 -90.891243
30.349313 -90.856200
30.336282 -90.836927
30.286830 -90.802273
30.291060 -90.792812
30.282540 -90.777874
30.271470 -90.785633
30.258708 -90.781200
30.244537 -90.740275
30.199069 -90.714227
30.202359 -90.706345
30.191574 -90.688225
30.237286 -90.649772
30.240120 -90.641349
30.232915 -90.630149
30.167839 -90.639289
