32.281835 -92.034092
32.316990 -92.011340
32.369124 -92.003749
32.416036 -91.984583
32.445953 -91.950196
32.474822 -91.942925
32.517484 -91.908340
32.551185 -91.887595
32.527985 -91.864058
32.526936 -91.848798
32.555095 -91.831128
32.576163 -91.803440
32.563182 -91.746470
32.618699 -91.703393
32.625455 -91.660012
32.641804 -91.638672
32.673434 -91.628074
32.673221 -91.590475
32.586168 -91.592543
32.587945 -91.441271
32.573056 -91.432749
32.541685 -91.455378
32.490680 -91.480220
32.477635 -91.470653
32.429060 -91.486293
32.410487 -91.479854
32.407664 -91.635101
32.391487 -91.671052
32.379551 -91.675615
32.382828 -91.694704
32.349344 -91.705721
32.336080 -91.754192
32.265141 -91.768452
32.224546 -91.814444
32.197852 -91.826674
32.190395 -91.834578
32.185493 -91.872886
32.164601 -91.890679
32.178837 -91.907349
32.179700 -91.972911
32.211136 -91.973879
32.199642 -91.998988
32.212448 -91.997218
32.223441 -91.974261
32.226596 -91.996578
32.233539 -91.991916
32.242060 -91.998142
32.260103 -91.986239
32.262636 -91.995532
32.281373 -91.993411
32.281835 -92.034092
