31.903863 -93.349103
31.934903 -93.348973
31.964270 -93.370916
31.987429 -93.400687
31.991142 -93.438163
32.031629 -93.454758
32.039678 -93.472466
32.057424 -93.473885
32.067990 -93.497682
32.081597 -93.499978
32.102215 -93.523210
32.113861 -93.529207
32.134658 -93.496132
32.144275 -93.507989
32.185389 -93.519265
32.206896 -93.581056
32.244341 -93.605203
32.243104 -93.486915
32.239591 -93.417875
32.235513 -93.200790
32.205313 -93.203727
32.188467 -93.188857
32.152713 -93.180167
32.109405 -93.151113
32.090171 -93.153478
32.055702 -93.132970
32.034660 -93.148786
32.008656 -93.148679
31.971482 -93.112950
31.972198 -93.230790
31.902851 -93.230263
31.912391 -93.245286
31.890730 -93.278834
31.897349 -93.299121
31.891860 -93.326397
31.903863 -93.349103
