44.486542 -70.124426
44.486836 -70.041103
44.511551 -70.028118
44.534179 -70.067831
44.589163 -70.028692
44.577704 -69.951076
44.608763 -69.921611
44.620776 -69.852181
44.609836 -69.823318
44.580867 -69.816764
44.576187 -69.798445
44.604778 -69.778692
44.579461 -69.602502
44.606080 -69.578943
44.630207 -69.576715
44.660720 -69.615840
44.699851 -69.625523
44.718273 -69.478976
44.695789 -69.462473
44.694317 -69.472864
44.675156 -69.473505
44.669202 -69.432771
44.642762 -69.460900
44.635710 -69.401635
44.549831 -69.413893
44.543705 -69.368758
44.457792 -69.392576
44.463536 -69.440244
44.341582 -69.504729
44.286487 -69.521804
44.263042 -69.543792
44.281008 -69.645484
44.235152 -69.666305
44.127615 -69.655953
44.140694 -69.750122
44.157287 -69.755463
44.173172 -69.853984
44.154667 -69.874881
44.112444 -69.895924
44.127901 -69.998901
44.134546 -70.022728
44.158654 -70.020683
44.158807 -70.010467
44.175103 -70.006324
44.172558 -69.997542
44.182457 -69.993132
44.209060 -70.074524
44.292050 -70.073556
44.374179 -70.120616
44.385027 -70.101436
44.486542 -70.124426
