39.098257 -76.843407
39.116178 -76.804702
39.167607 -76.762671
39.194497 -76.712529
39.208027 -76.701695
39.227242 -76.659908
39.224637 -76.610635
39.198228 -76.576668
39.181093 -76.607018
39.158796 -76.594826
39.196374 -76.563606
39.118465 -76.423617
38.908351 -76.471719
38.759089 -76.548805
38.709751 -76.524931
38.721622 -76.625011
38.758356 -76.628705
38.765669 -76.636884
38.756502 -76.688919
38.746565 -76.694344
38.774354 -76.716463
38.790158 -76.706850
38.807880 -76.714334
38.899611 -76.671364
38.924684 -76.692964
38.933191 -76.677491
38.953256 -76.695604
38.988628 -76.698771
39.004215 -76.726428
39.036132 -76.757481
39.048590 -76.795279
39.065916 -76.813475
39.067858 -76.837761
39.092306 -76.832199
39.098257 -76.843407
