38.788234 -77.045147
38.890100 -76.910905
38.966667 -77.007931
39.128862 -76.889398
39.126512 -76.872811
39.105592 -76.859353
39.098257 -76.843407
39.092306 -76.832199
39.067858 -76.837761
39.065916 -76.813475
39.048590 -76.795279
39.036132 -76.757481
39.004215 -76.726428
38.988628 -76.698771
38.953256 -76.695604
38.933191 -76.677491
38.924684 -76.692964
38.899611 -76.671364
38.807880 -76.714334
38.790158 -76.706850
38.774354 -76.716463
38.746565 -76.694344
38.707179 -76.701264
38.639130 -76.691398
38.590967 -76.673681
38.532051 -76.674344
38.555564 -76.735871
38.623235 -76.758723
38.660529 -76.863249
38.653999 -76.918114
38.663295 -76.969308
38.648513 -77.011836
38.621925 -77.051479
38.704099 -77.092848
38.715394 -77.081579
38.712136 -77.056820
38.718896 -77.046170
38.788234 -77.045147
