36.924499 -90.262816
36.936958 -90.227826
36.960090 -90.226323
36.962016 -90.207333
36.972449 -90.206280
36.973449 -90.190738
36.989329 -90.188579
36.990786 -90.171305
37.011652 -90.169192
37.012640 -90.154787
37.048922 -90.152224
37.048666 -90.114740
37.049658 -89.997700
37.063269 -89.996060
37.065206 -89.964351
37.131411 -89.960721
37.131727 -89.869516
37.130159 -89.777151
37.069402 -89.779812
37.027283 -89.758325
37.002853 -89.732879
36.964329 -89.724700
36.927652 -89.699256
36.861899 -89.703688
36.860976 -89.712310
36.777108 -89.705176
36.626103 -89.712217
36.628581 -89.960502
36.629943 -90.155464
36.655353 -90.152824
36.661750 -90.143699
36.672579 -90.152969
36.713362 -90.158494
36.778356 -90.211925
36.802426 -90.205257
36.825448 -90.222714
36.847210 -90.222928
36.873295 -90.257696
36.893746 -90.250425
36.924499 -90.262816
