43.126780 -72.034996
42.950670 -72.060668
42.944406 -72.007002
42.789155 -71.965870
42.787027 -71.945942
42.707209 -71.930217
42.720467 -72.279917
42.725853 -72.455770
42.746841 -72.462171
42.761588 -72.479323
42.768733 -72.507270
42.789259 -72.513068
42.807734 -72.538917
42.860643 -72.553428
42.912614 -72.524810
42.951673 -72.520217
42.965585 -72.504264
42.976144 -72.473341
42.999604 -72.457159
43.046504 -72.461752
43.079039 -72.443464
43.116270 -72.437605
43.156022 -72.452399
43.154431 -72.433600
43.132585 -72.432844
43.129629 -72.376416
43.156137 -72.386465
43.180055 -72.164149
43.133444 -72.181712
43.126780 -72.034996
