43.797950 -73.448180
43.739441 -74.059106
43.793170 -74.055987
43.814971 -74.137154
43.828166 -74.148592
43.824016 -74.187892
43.811229 -74.212582
43.921648 -74.331671
43.970561 -74.256298
44.118575 -74.278504
44.137514 -74.091950
44.400461 -74.135158
44.424661 -73.910685
44.439496 -73.744954
44.433084 -73.731541
44.439401 -73.702091
44.435697 -73.676517
44.452440 -73.627802
44.460020 -73.570160
44.486822 -73.539894
44.484412 -73.504058
44.511629 -73.466071
44.523988 -73.477507
44.536268 -73.469725
44.544328 -73.334452
44.432854 -73.293320
44.405533 -73.299995
44.367390 -73.329788
44.260142 -73.305326
44.201247 -73.377333
44.172108 -73.382062
44.136227 -73.407865
44.106610 -73.408757
44.063898 -73.435215
44.045679 -73.436001
44.018222 -73.408251
43.988197 -73.417406
43.914808 -73.405335
43.885977 -73.375121
43.804508 -73.384740
43.797950 -73.448180
