35.210622 -84.290960
35.261683 -84.225863
35.241069 -84.179643
35.245634 -84.101561
35.272658 -84.042690
35.292606 -84.030772
35.262173 -84.003802
35.232586 -83.992113
35.215467 -83.960807
35.219053 -83.921559
35.246838 -83.836762
35.248750 -83.791777
35.237257 -83.753460
35.250899 -83.695526
35.214526 -83.696586
35.197364 -83.722222
35.180842 -83.712975
35.145930 -83.739419
35.148154 -83.755289
35.125881 -83.853782
35.070502 -83.907221
35.048528 -83.952755
35.019208 -83.959675
34.989152 -83.988454
34.988307 -84.118152
34.989091 -84.323773
35.210622 -84.290960
