35.418144 -82.743739
35.315679 -82.833088
35.290872 -82.918968
35.308632 -82.953477
35.356425 -82.985217
35.390032 -83.038457
35.407096 -83.045904
35.446429 -83.087578
35.456717 -83.128100
35.484496 -83.142238
35.512510 -83.181264
35.551763 -83.156888
35.582921 -83.180243
35.623390 -83.177970
35.637916 -83.195000
35.663177 -83.184166
35.685496 -83.215128
35.691107 -83.258999
35.700804 -83.253177
35.718313 -83.243725
35.728983 -83.185221
35.762782 -83.143533
35.763908 -83.118058
35.782677 -83.059829
35.774091 -82.986874
35.791952 -82.962620
35.766565 -82.942912
35.739100 -82.952051
35.727950 -82.907403
35.673664 -82.880972
35.635907 -82.865384
35.613253 -82.844722
35.621493 -82.822963
35.617640 -82.813197
35.571400 -82.771889
35.532841 -82.770484
35.465077 -82.794577
35.441797 -82.780736
35.418144 -82.743739
