45.078929 -120.510999
45.080937 -120.725057
45.107140 -120.719396
45.121456 -120.730544
45.157500 -120.814090
45.184291 -120.852513
45.195639 -120.918571
45.193433 -120.993563
45.211407 -121.019245
45.271329 -121.018308
45.277592 -121.038130
45.306375 -120.977598
45.297590 -120.965405
45.298063 -120.949215
45.311678 -120.937046
45.325681 -120.943059
45.331213 -120.925862
45.351618 -120.916027
45.356768 -120.896206
45.380648 -120.876819
45.383506 -120.856852
45.405478 -120.856166
45.425559 -120.841731
45.439379 -120.854229
45.502921 -120.823414
45.509719 -120.825757
45.522124 -120.872016
45.539282 -120.895798
45.558317 -120.902115
45.582041 -120.888519
45.635477 -120.907937
45.665186 -120.861420
45.710510 -120.696994
45.732613 -120.658403
45.718407 -120.641961
45.692265 -120.575301
45.667680 -120.553113
45.662561 -120.521549
45.650320 -120.499392
45.623831 -120.479753
45.616324 -120.451348
45.592001 -120.436417
45.570304 -120.407950
45.544379 -120.402075
45.526511 -120.366680
45.518401 -120.379933
45.499576 -120.364666
45.489269 -120.374554
45.493930 -120.425512
45.477469 -120.425321
45.469775 -120.404126
45.465419 -120.413655
45.471808 -120.467941
45.465266 -120.491005
45.452292 -120.479926
45.427348 -120.489677
45.422678 -120.510864
45.418784 -120.484679
45.411532 -120.482352
45.405226 -120.513847
45.391646 -120.526123
45.301066 -120.545348
45.286059 -120.525106
45.287390 -120.543974
45.252982 -120.548636
45.247321 -120.537969
45.233775 -120.548917
45.207709 -120.531994
45.201522 -120.541378
45.193999 -120.531917
45.185683 -120.482926
45.139869 -120.469550
45.131107 -120.454862
45.096179 -120.462765
45.094497 -120.509870
45.078929 -120.510999
