39.720892 -76.996812
39.825604 -76.994278
39.865386 -76.967039
39.890421 -76.990829
39.927065 -76.971975
39.944322 -76.979047
39.987984 -77.012945
40.020217 -77.024130
40.026709 -77.064322
40.056741 -77.097183
40.071839 -77.142769
40.151710 -77.026265
40.156616 -77.003972
40.151974 -76.978138
40.167358 -76.970203
40.166214 -76.916055
40.178898 -76.913545
40.187568 -76.925516
40.189308 -76.909845
40.207938 -76.918123
40.219199 -76.901773
40.217635 -76.860237
40.228446 -76.846290
40.178067 -76.755872
40.139421 -76.738231
40.118468 -76.722820
40.074112 -76.664408
40.049924 -76.576379
40.052805 -76.537293
40.019484 -76.508911
39.948891 -76.469688
39.938382 -76.459647
39.913297 -76.389256
39.873770 -76.380276
39.840434 -76.353839
39.806553 -76.317850
39.786648 -76.275078
39.721854 -76.233122
39.720265 -76.569834
39.721256 -76.790492
39.720892 -76.996812
