43.504074 -99.534007
43.504703 -99.620520
43.744044 -99.623548
43.740496 -99.640257
43.762724 -99.650885
43.762255 -99.664229
43.729236 -99.672035
43.732482 -99.687676
43.757437 -99.684196
43.759196 -99.696129
43.721912 -99.726999
43.727916 -99.743739
43.748744 -99.739268
43.750415 -99.748675
43.737132 -99.760906
43.713314 -99.757320
43.708991 -99.793065
43.694236 -99.830717
43.700983 -99.856910
43.673064 -99.867469
43.671954 -99.875770
43.700922 -99.898728
43.692407 -99.932809
43.698533 -99.939409
43.696240 -100.013661
43.704937 -100.015049
43.699597 -100.034368
43.706631 -100.040929
43.692215 -100.092430
43.694454 -100.122071
43.704795 -100.132883
43.709525 -100.185833
43.698810 -100.209233
43.717421 -100.222768
43.714964 -100.232412
43.704676 -100.287452
43.721079 -100.303664
43.726740 -100.343277
43.846634 -100.345099
43.846455 -100.371764
44.172878 -100.372175
44.199305 -100.371397
44.200730 -99.932328
44.173951 -99.921815
44.129545 -99.872206
44.127958 -99.835966
44.139097 -99.784276
44.107704 -99.645371
44.119254 -99.608299
44.145572 -99.604042
44.170805 -99.636224
44.167567 -99.676615
44.173754 -99.698550
44.192453 -99.712680
44.213067 -99.701168
44.221368 -99.661700
44.214704 -99.611696
44.196722 -99.578400
44.162753 -99.544883
44.110943 -99.564216
44.081242 -99.548949
44.061017 -99.517156
44.050855 -99.459873
44.021266 -99.382272
43.974484 -99.348541
43.931981 -99.359077
43.908238 -99.358145
43.871015 -99.311139
43.851343 -99.309315
43.793818 -99.358952
43.774973 -99.419859
43.763235 -99.423185
43.717448 -99.404073
43.695117 -99.456893
43.671688 -99.464782
43.658825 -99.448539
43.659898 -99.387677
43.652238 -99.364132
43.626585 -99.347515
43.574878 -99.341541
43.529598 -99.285844
43.503186 -99.299036
43.504074 -99.534007
