35.948463 -82.895842
35.927970 -82.913939
35.872317 -82.906689
35.791952 -82.962620
35.774091 -82.986874
35.782677 -83.059829
35.763908 -83.118058
35.762782 -83.143533
35.728983 -83.185221
35.718313 -83.243725
35.700804 -83.253177
35.714475 -83.249447
35.716512 -83.270848
35.740708 -83.281362
35.803517 -83.282471
35.824387 -83.264275
35.884521 -83.309971
35.902599 -83.307927
35.900924 -83.293270
35.911975 -83.287243
35.990203 -83.279113
36.007835 -83.268546
36.013519 -83.255545
36.042186 -83.256027
36.058700 -83.241546
36.082084 -83.245316
36.092624 -83.229615
36.115852 -83.239099
36.126846 -83.223352
36.151859 -83.214990
36.127999 -83.185005
36.131409 -83.172164
36.177032 -83.175195
36.184971 -83.161965
36.157509 -83.158554
36.126333 -83.128064
36.112627 -83.109814
36.119952 -83.093776
36.101775 -83.077059
36.104411 -83.058572
35.948463 -82.895842
