36.257035 -85.793387
36.252335 -85.817596
36.276832 -85.846672
36.416313 -85.821598
36.505687 -85.805765
36.513725 -85.772142
36.500180 -85.745316
36.502836 -85.714248
36.515992 -85.728485
36.521631 -85.705855
36.502474 -85.688491
36.469165 -85.556750
36.428024 -85.520556
36.411510 -85.488245
36.309459 -85.490810
36.297889 -85.497716
36.297225 -85.491467
36.284083 -85.492161
36.282633 -85.503095
36.247027 -85.524390
36.243838 -85.537688
36.223990 -85.555282
36.235163 -85.577538
36.231581 -85.606835
36.218192 -85.613801
36.238409 -85.749204
36.257035 -85.793387
