30.066550 -96.157556
30.057647 -96.178034
30.074177 -96.245373
30.071061 -96.261349
30.078423 -96.275800
30.097723 -96.277570
30.094528 -96.291440
30.100301 -96.299635
30.058763 -96.571211
30.058682 -96.583357
30.072979 -96.601241
30.053195 -96.627914
30.072516 -96.645600
30.110761 -96.638229
30.124733 -96.660904
30.149431 -96.659897
30.145674 -96.686998
30.170689 -96.696557
30.155143 -96.712503
30.143791 -96.777409
30.154861 -96.780148
30.164596 -96.799847
30.194058 -96.758525
30.239380 -96.742991
30.247154 -96.712000
30.270682 -96.672432
30.302012 -96.648933
30.348898 -96.451042
30.348005 -96.423538
30.361777 -96.410758
30.356740 -96.396674
30.380747 -96.347394
30.376265 -96.336468
30.389156 -96.297733
30.370920 -96.259348
30.379288 -96.222932
30.390807 -96.198556
30.403365 -96.191079
30.402140 -96.182122
30.380868 -96.149727
30.337134 -96.142777
30.313190 -96.125900
30.313514 -96.096229
30.299269 -96.094787
30.292952 -96.084502
30.243582 -96.086852
30.237589 -96.111473
30.223956 -96.101539
30.211588 -96.114288
30.221012 -96.121781
30.209814 -96.141877
30.214027 -96.157540
30.193971 -96.173288
30.143430 -96.155557
30.141002 -96.164652
30.151139 -96.179506
30.137989 -96.183283
30.134460 -96.200358
30.118088 -96.190547
30.107388 -96.198962
30.104110 -96.170595
30.097011 -96.164057
30.083383 -96.167330
30.085336 -96.157739
30.073805 -96.142435
30.066550 -96.157556
