43.804508 -73.384740
43.885977 -73.375121
43.914808 -73.405335
43.988197 -73.417406
44.018222 -73.408251
44.045679 -73.436001
44.063898 -73.435215
44.106610 -73.408757
44.136227 -73.407865
44.172108 -73.382062
44.201247 -73.377333
44.260142 -73.305326
44.258125 -73.268971
44.280252 -73.022980
44.299390 -73.022065
44.294069 -72.981285
44.165277 -72.946888
44.163828 -72.936710
44.067021 -72.910859
44.068207 -72.889206
44.024912 -72.735378
43.950771 -72.796466
43.866611 -72.860126
43.869903 -72.872127
43.897296 -72.879925
43.862960 -72.970579
43.824169 -72.960377
43.805462 -73.015180
43.845649 -73.030455
43.836838 -73.212595
43.765314 -73.208344
43.756558 -73.356670
43.778428 -73.358997
43.804508 -73.384740
