39.040700 -78.154309
39.022046 -78.167759
39.010850 -78.310974
39.021592 -78.318779
39.033868 -78.313591
39.041413 -78.337960
39.049126 -78.336274
39.055386 -78.348787
39.090888 -78.327272
39.103011 -78.344011
39.093425 -78.353975
39.100410 -78.392009
39.086780 -78.396579
39.068371 -78.434285
39.027867 -78.455678
39.057133 -78.536651
39.093684 -78.501601
39.111945 -78.485250
39.119036 -78.447980
39.148626 -78.430569
39.170595 -78.402362
39.197629 -78.424068
39.212143 -78.423069
39.244953 -78.399127
39.257541 -78.413547
39.341458 -78.340846
39.350956 -78.343929
39.361687 -78.365475
39.380828 -78.350231
39.456998 -78.347546
39.423465 -78.276881
39.391113 -78.229509
39.265639 -78.033328
39.144774 -78.099476
39.104388 -78.108631
39.056130 -78.150891
39.040700 -78.154309
39.191747 -78.132520
39.202817 -78.182486
39.173231 -78.204764
39.157816 -78.205206
39.138563 -78.162305
39.164972 -78.139409
39.191747 -78.132520
