48.276647 -122.733188
48.396778 -122.665613
48.404789 -122.604384
48.321044 -122.525750
48.283510 -122.528648
48.296351 -122.623510
48.225414 -122.732034
48.206321 -122.610925
48.076858 -122.546203
48.094071 -122.496213
48.032146 -122.379994
47.963886 -122.355400
47.904549 -122.386961
47.918056 -122.442788
47.987509 -122.471617
47.967531 -122.544961
48.031431 -122.608628
48.181185 -122.695554
48.218818 -122.768778
48.276647 -122.733188
48.225217 -122.402016
48.228364 -122.462855
48.128492 -122.454419
48.060097 -122.361333
48.133974 -122.514511
48.210460 -122.542074
48.253793 -122.509131
48.246595 -122.404405
48.225217 -122.402016
