48.066796 -122.924844
48.133136 -122.841111
48.143994 -122.768883
48.085322 -122.802931
47.917157 -122.661561
47.864431 -122.653586
47.808988 -122.745870
47.802549 -122.789801
47.857075 -122.809517
47.827328 -122.858804
47.672517 -122.899364
47.605474 -122.982745
47.605489 -123.500530
47.512754 -123.502014
47.513547 -124.050290
47.527337 -124.051107
47.526910 -124.349080
47.638764 -124.373606
47.808255 -124.484035
47.873735 -124.606685
47.873727 -123.642268
47.866380 -123.641513
47.865742 -122.953397
48.065522 -122.954859
48.066796 -122.924844
