37.866417 -80.790132
37.823412 -80.951460
37.835180 -80.968337
37.825239 -80.998771
37.834077 -81.054003
37.841572 -81.061358
37.860062 -81.049418
37.846585 -81.076182
37.856819 -81.098263
37.865624 -81.076526
37.876896 -81.078823
37.888306 -81.301723
37.935043 -81.301213
37.950813 -81.333570
37.963588 -81.331312
37.967368 -81.384085
38.182742 -81.329256
38.182837 -81.311685
38.264608 -81.233804
38.228977 -81.166914
38.231918 -81.128948
38.195440 -81.073823
38.197088 -81.063943
38.223710 -81.052918
38.239217 -81.034317
38.223031 -81.029442
38.208555 -81.012336
38.217729 -81.008666
38.223898 -80.983168
38.196906 -80.943219
38.186813 -80.947430
38.159527 -80.933849
38.149014 -80.920474
38.152547 -80.907756
38.135350 -80.906374
38.133733 -80.899271
38.142518 -80.893236
38.135496 -80.884722
38.105230 -80.880403
38.081839 -80.889855
38.053276 -80.840003
38.071362 -80.808653
38.061913 -80.805884
38.037854 -80.823515
38.032739 -80.794637
38.017667 -80.781689
37.985304 -80.770900
37.950201 -80.811390
37.863899 -80.748603
37.866417 -80.790132
