37.975538 -81.454643
38.011029 -81.451287
38.065387 -81.481700
38.066741 -81.495815
38.058097 -81.510555
38.076403 -81.533207
38.086210 -81.538426
38.111654 -81.523427
38.136380 -81.544112
38.151619 -81.590637
38.178614 -81.610895
38.178122 -81.638994
38.222592 -81.652057
38.221306 -81.676609
38.231990 -81.722372
38.198170 -81.742704
38.197372 -81.752622
38.227713 -81.767280
38.229117 -81.779090
38.210349 -81.783859
38.205702 -81.812904
38.181499 -81.804450
38.190474 -81.820213
38.203150 -81.820961
38.212698 -81.833245
38.224058 -81.832742
38.216093 -81.827004
38.227209 -81.807717
38.246450 -81.815293
38.260709 -81.796777
38.316959 -81.822970
38.311202 -81.870182
38.324423 -81.893873
38.318792 -81.911741
38.326338 -81.916304
38.394406 -81.903365
38.468538 -81.730129
38.485822 -81.728779
38.518066 -81.754193
38.578367 -81.755346
38.595595 -81.729237
38.628236 -81.703411
38.566616 -81.647440
38.565319 -81.632044
38.556206 -81.633302
38.582395 -81.568787
38.612447 -81.523886
38.593168 -81.516936
38.547485 -81.470846
38.536394 -81.290070
38.523508 -81.266448
38.532778 -81.215116
38.527423 -81.197179
38.470802 -81.284324
38.264608 -81.233804
38.182837 -81.311685
38.182742 -81.329256
37.967368 -81.384085
37.964270 -81.424239
37.975538 -81.454643
