38.480496 -79.231663
38.437307 -79.272359
38.412633 -79.317000
38.462145 -79.486348
38.553806 -79.536514
38.592355 -79.642407
38.608480 -79.627567
38.632794 -79.637112
38.648838 -79.626973
38.670093 -79.629956
38.664718 -79.599735
38.683738 -79.600872
38.736803 -79.545161
38.784925 -79.513445
38.801740 -79.510958
38.835355 -79.534336
38.858246 -79.520786
38.888172 -79.520443
38.883221 -79.490145
38.888535 -79.469598
38.907894 -79.449418
38.925487 -79.455217
38.915226 -79.385732
38.948852 -79.350506
38.882115 -79.231748
38.808279 -79.127816
38.762054 -79.056555
38.707269 -79.087234
38.659205 -79.088547
38.663767 -79.121064
38.658244 -79.127427
38.480496 -79.231663
