45.640248 -92.033444
45.638318 -92.157817
45.724306 -92.158641
45.727948 -92.530047
45.644977 -92.537357
45.644955 -92.885397
45.710563 -92.860020
45.730890 -92.833636
45.763340 -92.779107
45.837302 -92.748762
45.844981 -92.734098
45.890958 -92.706241
45.915703 -92.666208
45.951269 -92.552672
45.982583 -92.523977
45.981198 -92.462346
46.025504 -92.424999
46.016249 -92.364963
46.022596 -92.346225
46.056878 -92.327373
46.073231 -92.289370
46.156601 -92.288944
46.158104 -92.048657
45.980897 -92.047754
45.980237 -92.033974
45.640248 -92.033444
