44.556412 -106.016325
44.529492 -106.016805
44.529820 -106.025145
44.168762 -106.020762
44.169399 -106.008669
43.818167 -106.004042
43.818838 -106.019912
43.494951 -106.028041
43.494558 -106.082311
43.494271 -107.112483
43.503385 -107.112262
43.820374 -107.114032
43.821030 -107.124850
44.158198 -107.129517
44.158339 -107.142907
44.317436 -107.145174
44.332637 -107.177196
44.364437 -107.163341
44.381951 -107.175037
44.398415 -107.173244
44.402344 -107.199666
44.450021 -107.208959
44.457352 -107.226599
44.449444 -107.270401
44.459968 -107.306132
44.468418 -107.314868
44.500446 -107.311313
44.521209 -107.338605
44.542812 -107.350576
44.557612 -107.378883
44.556412 -106.016325
