days_asymp[0] = 7 0 0 0 1.13834304839093 2.47668609678185 1.83834304839093 1
days_asymp[0] = 7 0 0 0 1.10523173628367 2.41046347256734 1.80523173628367 1
days_asymp[0] = 7 0 0 0 1.05776570173211 2.31553140346422 1.75776570173211 1
days_asymp[0] = 7 0 0 0 1.19135273607758 2.58270547215516 1.89135273607758 1
days_asymp[0] = 7 0 0 0 1.10942929566883 2.41885859133766 1.80942929566883 1
days_asymp[0] = 7 0 0 0 1.19208585357201 2.58417170714402 1.89208585357201 1
days_asymp[0] = 7 0 0 0 1.07110482118502 2.34220964237004 1.77110482118502 1
days_asymp[0] = 7 0 0 0 1.17553907830047 2.55107815660093 1.87553907830047 1
days_asymp[0] = 7 0 0 0 1.18195027426485 2.5639005485297 1.88195027426485 1
days_asymp[0] = 7 0 0 0 1.09241782496074 2.38483564992148 1.79241782496074 1
days_asymp[0] = 7 0 0 0 1.13657692264539 2.47315384529079 1.83657692264539 1
days_asymp[0] = 7 0 0 0 1.21144178063163 2.62288356126327 1.91144178063163 1
days_asymp[0] = 7 0 0 0 1.07537216211222 2.35074432422444 1.77537216211222 1
days_asymp[0] = 7 0 0 0 1.12505243270769 2.45010486541539 1.82505243270769 1
days_asymp[0] = 7 0 0 0 1.17517476473621 2.55034952947242 1.87517476473621 1
days_asymp[0] = 7 0 0 0 1.14039255222946 2.48078510445893 1.84039255222946 1
days_asymp[0] = 7 0 0 0 1.1085531598841 2.41710631976821 1.8085531598841 1
days_asymp[0] = 7 0 0 0 1.24583276593716 2.69166553187432 1.94583276593716 1
days_asymp[0] = 7 0 0 0 1.18085395611584 2.56170791223168 1.88085395611584 1
days_asymp[0] = 7 0 0 0 1.13142351614528 2.46284703229056 1.83142351614528 1
days_asymp[0] = 7 0 0 0 1.24601797476711 2.69203594953421 1.94601797476711 1
days_asymp[0] = 7 0 0 0 1.14686848080127 2.49373696160254 1.84686848080127 1
days_asymp[0] = 7 0 0 0 1.12031561710776 2.44063123421552 1.82031561710776 1
days_asymp[0] = 7 0 0 0 1.06453635677499 2.32907271354998 1.76453635677499 1
days_asymp[0] = 7 0 0 0 1.1349944887665 2.46998897753299 1.8349944887665 1
days_asymp[0] = 7 0 0 0 1.1832180138824 2.56643602776479 1.8832180138824 1
days_asymp[0] = 7 0 0 0 1.136557170597 2.47311434119399 1.836557170597 1
days_asymp[0] = 7 0 0 0 1.06048679353588 2.32097358707177 1.76048679353588 1
days_asymp[0] = 7 0 0 0 1.15778103308536 2.51556206617072 1.85778103308536 1
days_asymp[0] = 7 0 0 0 1.1236432282784 2.4472864565568 1.8236432282784 1
days_asymp[0] = 7 0 0 0 1.13610960580298 2.47221921160596 1.83610960580298 1
days_asymp[0] = 7 0 0 0 1.14363076763482 2.48726153526965 1.84363076763482 1
days_asymp[0] = 7 0 0 0 1.17898844512055 2.55797689024109 1.87898844512055 1
days_asymp[0] = 7 0 0 0 1.13210076306895 2.4642015261379 1.83210076306895 1
days_asymp[0] = 7 0 0 0 1.1554655966562 2.5109311933124 1.8554655966562 1
days_asymp[0] = 7 0 0 0 1.22806098073848 2.65612196147696 1.92806098073848 1
days_asymp[0] = 7 0 0 0 1.12209582498698 2.44419164997396 1.82209582498698 1
days_asymp[0] = 7 0 0 0 1.1377615424139 2.47552308482779 1.8377615424139 1
days_asymp[0] = 7 0 0 0 1.17218893107865 2.5443778621573 1.87218893107865 1
days_asymp[0] = 7 0 0 0 1.1344569397016 2.4689138794032 1.8344569397016 1
days_asymp[0] = 7 0 0 0 1.17311828634846 2.54623657269692 1.87311828634846 1
days_asymp[0] = 7 0 0 0 1.0965382661088 2.39307653221761 1.7965382661088 1
days_asymp[0] = 7 0 0 0 1.11058666209663 2.42117332419326 1.81058666209663 1
days_asymp[0] = 7 0 0 0 1.17575747490867 2.55151494981735 1.87575747490867 1
days_asymp[0] = 7 0 0 0 1.16836028435243 2.53672056870485 1.86836028435243 1
days_asymp[0] = 7 0 0 0 1.14427997894615 2.4885599578923 1.84427997894615 1
days_asymp[0] = 7 0 0 0 1.23177400474579 2.66354800949157 1.93177400474579 1
days_asymp[0] = 7 0 0 0 1.10085605609957 2.40171211219915 1.80085605609957 1
days_asymp[0] = 7 0 0 0 1.10343979520192 2.40687959040383 1.80343979520192 1
days_asymp[0] = 7 0 0 0 1.1425413015234 2.48508260304681 1.8425413015234 1
