days_asymp[0] = 7 0 0 0 0.222475434467197 0.644950868934393 0.922475434467197 1
days_asymp[0] = 7 0 0 0 0.200199023005553 0.600398046011105 0.900199023005553 1
days_asymp[0] = 7 0 0 0 0.132721398049034 0.465442796098068 0.832721398049034 1
days_asymp[0] = 7 0 0 0 0.0670719587942587 0.334143917588517 0.767071958794259 1
days_asymp[0] = 7 0 0 0 0.298586462507956 0.797172925015912 0.998586462507956 1
days_asymp[0] = 7 0 0 0 0.0103929943637923 0.220785988727585 0.710392994363792 1
days_asymp[0] = 7 0 0 0 0.17605135277845 0.552102705556899 0.87605135277845 1
days_asymp[0] = 7 0 0 0 0.147260638698936 0.494521277397871 0.847260638698936 1
days_asymp[0] = 7 0 0 0 0.191275275195949 0.582550550391898 0.891275275195949 1
days_asymp[0] = 7 0 0 0 0.044119369215332 0.288238738430664 0.744119369215332 1
days_asymp[0] = 7 0 0 0 0.00865972295869147 0.217319445917383 0.708659722958692 1
days_asymp[0] = 7 0 0 0 0.143298794911243 0.486597589822486 0.843298794911243 1
days_asymp[0] = 7 0 0 0 0.293127666693181 0.786255333386362 0.993127666693181 1
days_asymp[0] = 7 0 0 0 0.110495754028671 0.420991508057341 0.810495754028671 1
days_asymp[0] = 7 0 0 0 0.236036230623722 0.672072461247444 0.936036230623722 1
days_asymp[0] = 7 0 0 0 0.0378982149995865 0.275796429999173 0.737898214999587 1
days_asymp[0] = 7 0 0 0 0.222760805371217 0.645521610742435 0.922760805371218 1
days_asymp[0] = 7 0 0 0 0.110421215649694 0.420842431299389 0.810421215649694 1
days_asymp[0] = 7 0 0 0 0.168618577206508 0.537237154413015 0.868618577206508 1
days_asymp[0] = 7 0 0 0 0.191358689800836 0.582717379601673 0.891358689800836 1
days_asymp[0] = 7 0 0 0 0.00919967747759079 0.218399354955182 0.709199677477591 1
days_asymp[0] = 7 0 0 0 0.158181182225235 0.51636236445047 0.858181182225235 1
days_asymp[0] = 7 0 0 0 0.12902580674272 0.458051613485441 0.829025806742721 1
days_asymp[0] = 7 0 0 0 0.17705476123374 0.554109522467479 0.87705476123374 1
days_asymp[0] = 7 0 0 0 0.00738793064374491 0.21477586128749 0.707387930643745 1
days_asymp[0] = 7 0 0 0 0.166891359351575 0.533782718703151 0.866891359351575 1
days_asymp[0] = 7 0 0 0 0.0600772891659291 0.320154578331858 0.760077289165929 1
days_asymp[0] = 7 0 0 0 0.245896274596453 0.691792549192905 0.945896274596453 1
days_asymp[0] = 7 0 0 0 0.03130670087412 0.26261340174824 0.73130670087412 1
days_asymp[0] = 7 0 0 0 0.183871650276706 0.567743300553411 0.883871650276706 1
days_asymp[0] = 7 0 0 0 0.243556108768098 0.687112217536196 0.943556108768098 1
days_asymp[0] = 7 0 0 0 0.19702362169046 0.594047243380919 0.89702362169046 1
days_asymp[0] = 7 0 0 0 0.101946431770921 0.403892863541842 0.801946431770921 1
days_asymp[0] = 7 0 0 0 0.0820020074257629 0.364004014851526 0.782002007425763 1
days_asymp[0] = 7 0 0 0 0.0923683817731217 0.384736763546243 0.792368381773122 1
days_asymp[0] = 7 0 0 0 0.167906449665316 0.535812899330631 0.867906449665316 1
days_asymp[0] = 7 0 0 0 0.144181466940791 0.488362933881581 0.844181466940791 1
days_asymp[0] = 7 0 0 0 0.0737732064211742 0.347546412842348 0.773773206421174 1
days_asymp[0] = 7 0 0 0 0.259674654062837 0.719349308125675 0.959674654062837 1
days_asymp[0] = 7 0 0 0 0.0026422406779604 0.205284481355921 0.70264224067796 1
days_asymp[0] = 7 0 0 0 0.00544012135360408 0.210880242707208 0.705440121353604 1
days_asymp[0] = 7 0 0 0 0.238338883244433 0.676677766488865 0.938338883244433 1
days_asymp[0] = 7 0 0 0 0.0798129688482733 0.359625937696547 0.779812968848273 1
days_asymp[0] = 7 0 0 0 0.292773619922809 0.785547239845619 0.992773619922809 1
days_asymp[0] = 7 0 0 0 0.147273874562234 0.494547749124468 0.847273874562234 1
days_asymp[0] = 7 0 0 0 0.0787335655884819 0.357467131176964 0.778733565588482 1
days_asymp[0] = 7 0 0 0 0.280886976839975 0.761773953679949 0.980886976839975 1
days_asymp[0] = 7 0 0 0 0.0889506124192851 0.37790122483857 0.788950612419285 1
days_asymp[0] = 7 0 0 0 0.214320278610103 0.628640557220206 0.914320278610103 1
days_asymp[0] = 7 0 0 0 0.00896168528124699 0.217923370562494 0.708961685281247 1
days_asymp[0] = 7 0 0 0 0.10053382976912 0.40106765953824 0.80053382976912 1
days_asymp[0] = 7 0 0 0 0.0356589581351729 0.271317916270346 0.735658958135173 1
days_asymp[0] = 7 0 0 0 0.0569343865150586 0.313868773030117 0.756934386515059 1
days_asymp[0] = 7 0 0 0 0.101995022851043 0.403990045702085 0.801995022851043 1
days_asymp[0] = 7 0 0 0 0.150416938983835 0.500833877967671 0.850416938983835 1
days_asymp[0] = 7 0 0 0 0.227617494016886 0.655234988033772 0.927617494016886 1
days_asymp[0] = 7 0 0 0 0.01031864695251 0.22063729390502 0.71031864695251 1
days_asymp[0] = 7 0 0 0 0.122609599633142 0.445219199266285 0.822609599633142 1
days_asymp[0] = 7 0 0 0 0.209555762680247 0.619111525360495 0.909555762680248 1
days_asymp[0] = 7 0 0 0 0.184849062329158 0.569698124658316 0.884849062329158 1
days_asymp[0] = 7 0 0 0 0.039899424207397 0.279798848414794 0.739899424207397 1
days_asymp[0] = 7 0 0 0 0.174377855099738 0.548755710199476 0.874377855099738 1
days_asymp[0] = 7 0 0 0 0.155829763691873 0.511659527383745 0.855829763691873 1
days_asymp[0] = 7 0 0 0 0.1561563863419 0.512312772683799 0.8561563863419 1
days_asymp[0] = 7 0 0 0 0.271858937409706 0.743717874819413 0.971858937409706 1
days_asymp[0] = 7 0 0 0 0.195094119594433 0.590188239188865 0.895094119594433 1
days_asymp[0] = 7 0 0 0 0.135567277064547 0.471134554129094 0.835567277064547 1
days_asymp[0] = 7 0 0 0 0.121129894978367 0.442259789956734 0.821129894978367 1
days_asymp[0] = 7 0 0 0 0.255138279427774 0.710276558855548 0.955138279427774 1
days_asymp[0] = 7 0 0 0 0.197260862379335 0.59452172475867 0.897260862379335 1
days_asymp[0] = 7 0 0 0 0.260944671579637 0.721889343159273 0.960944671579637 1
days_asymp[0] = 7 0 0 0 0.0888158870162445 0.377631774032489 0.788815887016244 1
days_asymp[0] = 7 0 0 0 0.0395658895606176 0.279131779121235 0.739565889560618 1
days_asymp[0] = 7 0 0 0 0.160613242350519 0.521226484701038 0.860613242350519 1
days_asymp[0] = 7 0 0 0 0.110003364644945 0.420006729289889 0.810003364644945 1
days_asymp[0] = 7 0 0 0 0.0996081412537023 0.399216282507405 0.799608141253702 1
days_asymp[0] = 7 0 0 0 0.156029167561792 0.512058335123584 0.856029167561792 1
days_asymp[0] = 7 0 0 0 0.135216784919612 0.470433569839224 0.835216784919612 1
days_asymp[0] = 7 0 0 0 0.117495584255085 0.434991168510169 0.817495584255085 1
days_asymp[0] = 7 0 0 0 0.113029460795224 0.426058921590448 0.813029460795224 1
days_asymp[0] = 7 0 0 0 0.132699423562735 0.465398847125471 0.832699423562735 1
days_asymp[0] = 7 0 0 0 0.0209159555844964 0.241831911168993 0.720915955584496 1
days_asymp[0] = 7 0 0 0 0.109389781672508 0.418779563345015 0.809389781672508 1
days_asymp[0] = 7 0 0 0 0.00357318702153867 0.207146374043077 0.703573187021539 1
days_asymp[0] = 7 0 0 0 0.222425252082758 0.644850504165516 0.922425252082758 1
days_asymp[0] = 7 0 0 0 0.0423210107255728 0.284642021451146 0.742321010725573 1
days_asymp[0] = 7 0 0 0 0.102551363850944 0.405102727701888 0.802551363850944 1
days_asymp[0] = 7 0 0 0 0.225415803515352 0.650831607030705 0.925415803515352 1
days_asymp[0] = 7 0 0 0 0.143663633591496 0.487327267182991 0.843663633591496 1
days_asymp[0] = 7 0 0 0 0.292092299787328 0.784184599574655 0.992092299787328 1
days_asymp[0] = 7 0 0 0 0.123115636780858 0.446231273561716 0.823115636780858 1
days_asymp[0] = 7 0 0 0 0.154748663166538 0.509497326333076 0.854748663166538 1
days_asymp[0] = 7 0 0 0 0.179243506095372 0.558487012190744 0.879243506095372 1
days_asymp[0] = 7 0 0 0 0.24207207094878 0.684144141897559 0.94207207094878 1
days_asymp[0] = 7 0 0 0 0.0860297651728616 0.372059530345723 0.786029765172862 1
days_asymp[0] = 7 0 0 0 0.0352097141789273 0.270419428357855 0.735209714178927 1
days_asymp[0] = 7 0 0 0 0.171263975906186 0.542527951812372 0.871263975906186 1
days_asymp[0] = 7 0 0 0 0.133722838014364 0.467445676028729 0.833722838014364 1
days_asymp[0] = 7 0 0 0 0.100624725432135 0.40124945086427 0.800624725432135 1
days_asymp[0] = 7 0 0 0 0.181568043516018 0.563136087032035 0.881568043516018 1
days_asymp[0] = 7 0 0 0 0.277565913065337 0.755131826130673 0.977565913065337 1
days_asymp[0] = 7 0 0 0 0.224701097980142 0.649402195960283 0.924701097980142 1
days_asymp[0] = 7 0 0 0 0.220679164258763 0.641358328517526 0.920679164258763 1
days_asymp[0] = 7 0 0 0 0.00967170547228316 0.219343410944566 0.709671705472283 1
days_asymp[0] = 7 0 0 0 0.296177638834342 0.792355277668685 0.996177638834342 1
days_asymp[0] = 7 0 0 0 0.209602167760022 0.619204335520044 0.909602167760022 1
days_asymp[0] = 7 0 0 0 0.156612444645725 0.51322488929145 0.856612444645725 1
days_asymp[0] = 7 0 0 0 0.0276609436143191 0.255321887228638 0.727660943614319 1
days_asymp[0] = 7 0 0 0 0.244444007053971 0.688888014107943 0.944444007053971 1
days_asymp[0] = 7 0 0 0 0.277002966497094 0.754005932994187 0.977002966497094 1
days_asymp[0] = 7 0 0 0 0.132707716966979 0.465415433933959 0.832707716966979 1
days_asymp[0] = 7 0 0 0 0.22025333493948 0.64050666987896 0.92025333493948 1
days_asymp[0] = 7 0 0 0 0.0358689459040763 0.271737891808153 0.735868945904076 1
days_asymp[0] = 7 0 0 0 0.228354105097242 0.656708210194484 0.928354105097242 1
days_asymp[0] = 7 0 0 0 0.205582737643272 0.611165475286544 0.905582737643272 1
days_asymp[0] = 7 0 0 0 0.216238971753046 0.632477943506092 0.916238971753046 1
days_asymp[0] = 7 0 0 0 0.131287289690226 0.462574579380453 0.831287289690226 1
days_asymp[0] = 7 0 0 0 0.221015202160925 0.64203040432185 0.921015202160925 1
days_asymp[0] = 7 0 0 0 0.130374095169827 0.460748190339655 0.830374095169828 1
days_asymp[0] = 7 0 0 0 0.230050093238242 0.660100186476484 0.930050093238242 1
days_asymp[0] = 7 0 0 0 0.035745671298355 0.27149134259671 0.735745671298355 1
days_asymp[0] = 7 0 0 0 0.130544851371087 0.461089702742175 0.830544851371087 1
days_asymp[0] = 7 0 0 0 0.0361222970299423 0.272244594059885 0.736122297029942 1
days_asymp[0] = 7 0 0 0 0.00498374837916363 0.209967496758327 0.704983748379164 1
days_asymp[0] = 7 0 0 0 0.26455581758637 0.72911163517274 0.96455581758637 1
days_asymp[0] = 7 0 0 0 0.0520986061077565 0.304197212215513 0.752098606107757 1
days_asymp[0] = 7 0 0 0 0.188860582443886 0.577721164887771 0.888860582443886 1
days_asymp[0] = 7 0 0 0 0.0633768375730143 0.326753675146029 0.763376837573014 1
days_asymp[0] = 7 0 0 0 0.295741199282929 0.791482398565859 0.995741199282929 1
days_asymp[0] = 7 0 0 0 0.268890029657632 0.737780059315264 0.968890029657632 1
days_asymp[0] = 7 0 0 0 0.174320604745299 0.548641209490597 0.874320604745299 1
days_asymp[0] = 7 0 0 0 0.0664756108308212 0.332951221661642 0.766475610830821 1
days_asymp[0] = 7 0 0 0 0.0517004324588927 0.303400864917785 0.751700432458893 1
days_asymp[0] = 7 0 0 0 0.08601812326815 0.3720362465363 0.78601812326815 1
days_asymp[0] = 7 0 0 0 0.199545433628373 0.599090867256746 0.899545433628373 1
days_asymp[0] = 7 0 0 0 0.277731455862522 0.755462911725044 0.977731455862522 1
days_asymp[0] = 7 0 0 0 0.145655234134756 0.491310468269512 0.845655234134756 1
days_asymp[0] = 7 0 0 0 0.0511368072358892 0.302273614471778 0.751136807235889 1
days_asymp[0] = 7 0 0 0 0.11352296594996 0.42704593189992 0.81352296594996 1
days_asymp[0] = 7 0 0 0 0.255664182314649 0.711328364629299 0.955664182314649 1
days_asymp[0] = 7 0 0 0 0.216805921238847 0.633611842477695 0.916805921238847 1
days_asymp[0] = 7 0 0 0 0.241314441338182 0.682628882676363 0.941314441338182 1
days_asymp[0] = 7 0 0 0 0.27036130882334 0.740722617646679 0.97036130882334 1
days_asymp[0] = 7 0 0 0 0.280712954630144 0.761425909260288 0.980712954630144 1
days_asymp[0] = 7 0 0 0 0.0682990192668513 0.336598038533703 0.768299019266851 1
days_asymp[0] = 7 0 0 0 0.030502344388515 0.26100468877703 0.730502344388515 1
days_asymp[0] = 7 0 0 0 0.202511877799407 0.605023755598813 0.902511877799407 1
days_asymp[0] = 7 0 0 0 0.175646266434342 0.551292532868684 0.875646266434342 1
days_asymp[0] = 7 0 0 0 0.131636941898614 0.463273883797228 0.831636941898614 1
days_asymp[0] = 7 0 0 0 0.155519724707119 0.511039449414239 0.855519724707119 1
days_asymp[0] = 7 0 0 0 0.174226541351527 0.548453082703054 0.874226541351527 1
days_asymp[0] = 7 0 0 0 0.172744148690254 0.545488297380507 0.872744148690254 1
days_asymp[0] = 7 0 0 0 0.082730139582418 0.365460279164836 0.782730139582418 1
days_asymp[0] = 7 0 0 0 0.272105153719895 0.744210307439789 0.972105153719894 1
days_asymp[0] = 7 0 0 0 0.0265738597372548 0.25314771947451 0.726573859737255 1
days_asymp[0] = 7 0 0 0 0.192065654648468 0.584131309296936 0.892065654648468 1
days_asymp[0] = 7 0 0 0 0.226248565223068 0.652497130446136 0.926248565223068 1
days_asymp[0] = 7 0 0 0 0.154585541971028 0.509171083942056 0.854585541971028 1
days_asymp[0] = 7 0 0 0 0.126642274134792 0.453284548269585 0.826642274134793 1
days_asymp[0] = 7 0 0 0 0.0175151415634901 0.23503028312698 0.71751514156349 1
days_asymp[0] = 7 0 0 0 0.00512974059674912 0.210259481193498 0.705129740596749 1
days_asymp[0] = 7 0 0 0 0.130906393169426 0.461812786338851 0.830906393169426 1
days_asymp[0] = 7 0 0 0 0.165129399206489 0.530258798412979 0.865129399206489 1
days_asymp[0] = 7 0 0 0 0.0687480964232238 0.337496192846448 0.768748096423224 1
days_asymp[0] = 7 0 0 0 0.0985077804420144 0.397015560884029 0.798507780442014 1
days_asymp[0] = 7 0 0 0 0.0237207555910574 0.247441511182115 0.723720755591057 1
days_asymp[0] = 7 0 0 0 0.255860886513256 0.711721773026511 0.955860886513256 1
days_asymp[0] = 7 0 0 0 0.0524408019846307 0.304881603969261 0.752440801984631 1
days_asymp[0] = 7 0 0 0 0.116064918832854 0.432129837665707 0.816064918832854 1
days_asymp[0] = 7 0 0 0 0.217439364502206 0.634878729004413 0.917439364502207 1
days_asymp[0] = 7 0 0 0 0.0615185516187923 0.323037103237585 0.761518551618792 1
days_asymp[0] = 7 0 0 0 0.220327234477736 0.640654468955472 0.920327234477736 1
days_asymp[0] = 7 0 0 0 0.167038121726364 0.534076243452728 0.867038121726364 1
days_asymp[0] = 7 0 0 0 0.225152225000784 0.650304450001568 0.925152225000784 1
days_asymp[0] = 7 0 0 0 0.0186660547507928 0.237332109501586 0.718666054750793 1
days_asymp[0] = 7 0 0 0 0.163589187059552 0.527178374119103 0.863589187059552 1
days_asymp[0] = 7 0 0 0 0.0334449311485515 0.266889862297103 0.733444931148552 1
days_asymp[0] = 7 0 0 0 0.134496137592942 0.468992275185883 0.834496137592942 1
days_asymp[0] = 7 0 0 0 0.0816692270105707 0.363338454021141 0.781669227010571 1
days_asymp[0] = 7 0 0 0 0.0185795722296464 0.237159144459293 0.718579572229646 1
days_asymp[0] = 7 0 0 0 0.164464266691357 0.528928533382714 0.864464266691357 1
days_asymp[0] = 7 0 0 0 0.228706015460193 0.657412030920386 0.928706015460193 1
days_asymp[0] = 7 0 0 0 0.268252147687599 0.736504295375198 0.968252147687599 1
days_asymp[0] = 7 0 0 0 0.0132567281601951 0.22651345632039 0.713256728160195 1
days_asymp[0] = 7 0 0 0 0.0626012180931867 0.325202436186373 0.762601218093187 1
days_asymp[0] = 7 0 0 0 0.0795011610724034 0.359002322144807 0.779501161072403 1
days_asymp[0] = 7 0 0 0 0.195320084528066 0.590640169056133 0.895320084528066 1
days_asymp[0] = 7 0 0 0 0.156216820701957 0.512433641403914 0.856216820701957 1
days_asymp[0] = 7 0 0 0 0.0592439835425468 0.318487967085094 0.759243983542547 1
days_asymp[0] = 7 0 0 0 0.0961437696358191 0.392287539271638 0.796143769635819 1
days_asymp[0] = 7 0 0 0 0.0530812136828901 0.30616242736578 0.75308121368289 1
days_asymp[0] = 7 0 0 0 0.139544670050964 0.479089340101928 0.839544670050964 1
days_asymp[0] = 7 0 0 0 0.0607687223469841 0.321537444693968 0.760768722346984 1
days_asymp[0] = 7 0 0 0 0.110738224256784 0.421476448513567 0.810738224256784 1
days_asymp[0] = 7 0 0 0 0.0836855315370487 0.367371063074098 0.783685531537049 1
days_asymp[0] = 7 0 0 0 0.282414673967287 0.764829347934574 0.982414673967287 1
days_asymp[0] = 7 0 0 0 0.0674488790798934 0.334897758159787 0.767448879079893 1
days_asymp[0] = 7 0 0 0 0.0785714987665417 0.357142997533083 0.778571498766542 1
days_asymp[0] = 7 0 0 0 0.0953627063892783 0.390725412778557 0.795362706389278 1
days_asymp[0] = 7 0 0 0 0.0328101867344232 0.265620373468846 0.732810186734423 1
days_asymp[0] = 7 0 0 0 0.130096301645972 0.460192603291944 0.830096301645972 1
days_asymp[0] = 7 0 0 0 0.28919779190328 0.778395583806559 0.98919779190328 1
days_asymp[0] = 7 0 0 0 0.282593235955574 0.765186471911147 0.982593235955574 1
days_asymp[0] = 7 0 0 0 0.0812368871876971 0.362473774375394 0.781236887187697 1
days_asymp[0] = 7 0 0 0 0.112095204158686 0.424190408317372 0.812095204158686 1
days_asymp[0] = 7 0 0 0 0.0664818748366089 0.332963749673218 0.766481874836609 1
days_asymp[0] = 7 0 0 0 0.135843529016711 0.471687058033422 0.835843529016711 1
days_asymp[0] = 7 0 0 0 0.220976602029987 0.641953204059973 0.920976602029987 1
days_asymp[0] = 7 0 0 0 0.0476084572495893 0.295216914499179 0.747608457249589 1
days_asymp[0] = 7 0 0 0 0.114116190327331 0.428232380654663 0.814116190327332 1
days_asymp[0] = 7 0 0 0 0.0751807391876357 0.350361478375271 0.775180739187636 1
days_asymp[0] = 7 0 0 0 0.165475079650059 0.530950159300119 0.865475079650059 1
days_asymp[0] = 7 0 0 0 0.237674061348662 0.675348122697324 0.937674061348662 1
days_asymp[0] = 7 0 0 0 0.0208041110308842 0.241608222061768 0.720804111030884 1
days_asymp[0] = 7 0 0 0 0.26735391668044 0.734707833360881 0.96735391668044 1
days_asymp[0] = 7 0 0 0 0.117196969175711 0.434393938351423 0.817196969175711 1
days_asymp[0] = 7 0 0 0 0.272704897611402 0.745409795222804 0.972704897611402 1
days_asymp[0] = 7 0 0 0 0.111715124174953 0.423430248349905 0.811715124174953 1
days_asymp[0] = 7 0 0 0 0.039308715448715 0.27861743089743 0.739308715448715 1
days_asymp[0] = 7 0 0 0 0.192134331492707 0.584268662985414 0.892134331492707 1
days_asymp[0] = 7 0 0 0 0.168173209042288 0.536346418084577 0.868173209042288 1
days_asymp[0] = 7 0 0 0 0.267676890827716 0.735353781655431 0.967676890827715 1
days_asymp[0] = 7 0 0 0 0.100562974833883 0.401125949667767 0.800562974833883 1
days_asymp[0] = 7 0 0 0 0.14923223645892 0.49846447291784 0.84923223645892 1
days_asymp[0] = 7 0 0 0 0.124292536452413 0.448585072904825 0.824292536452413 1
days_asymp[0] = 7 0 0 0 0.231880141049624 0.663760282099247 0.931880141049624 1
days_asymp[0] = 7 0 0 0 0.212384292762727 0.624768585525453 0.912384292762727 1
days_asymp[0] = 7 0 0 0 0.110465949866921 0.420931899733842 0.810465949866921 1
days_asymp[0] = 7 0 0 0 0.257339037302882 0.714678074605763 0.957339037302882 1
days_asymp[0] = 7 0 0 0 0.0108172044390814 0.221634408878163 0.710817204439081 1
days_asymp[0] = 7 0 0 0 0.232217850792222 0.664435701584444 0.932217850792222 1
days_asymp[0] = 7 0 0 0 0.212944383756258 0.625888767512515 0.912944383756258 1
days_asymp[0] = 7 0 0 0 0.177109753643163 0.554219507286325 0.877109753643163 1
days_asymp[0] = 7 0 0 0 0.125627418514341 0.451254837028683 0.825627418514341 1
days_asymp[0] = 7 0 0 0 0.0902189095504583 0.380437819100917 0.790218909550458 1
days_asymp[0] = 7 0 0 0 0.181212767818943 0.562425535637885 0.881212767818943 1
days_asymp[0] = 7 0 0 0 0.0790146447485315 0.358029289497063 0.779014644748532 1
days_asymp[0] = 7 0 0 0 0.0974966679001229 0.394993335800246 0.797496667900123 1
days_asymp[0] = 7 0 0 0 0.215474410168827 0.630948820337654 0.915474410168827 1
days_asymp[0] = 7 0 0 0 0.0852975516580047 0.370595103316009 0.785297551658005 1
days_asymp[0] = 7 0 0 0 0.0451018731342631 0.290203746268526 0.745101873134263 1
days_asymp[0] = 7 0 0 0 0.105812710616738 0.411625421233475 0.805812710616738 1
days_asymp[0] = 7 0 0 0 0.251961129228584 0.703922258457169 0.951961129228584 1
days_asymp[0] = 7 0 0 0 0.0585145769175143 0.317029153835029 0.758514576917514 1
days_asymp[0] = 7 0 0 0 0.195637490437366 0.591274980874733 0.895637490437366 1
days_asymp[0] = 7 0 0 0 0.171730883745477 0.543461767490953 0.871730883745477 1
days_asymp[0] = 7 0 0 0 0.244236200256273 0.688472400512546 0.944236200256273 1
days_asymp[0] = 7 0 0 0 0.18824987586122 0.576499751722441 0.88824987586122 1
days_asymp[0] = 7 0 0 0 0.142276258813217 0.484552517626435 0.842276258813217 1
days_asymp[0] = 7 0 0 0 0.266522961412556 0.733045922825113 0.966522961412556 1
days_asymp[0] = 7 0 0 0 0.0473074859473856 0.294614971894771 0.747307485947386 1
days_asymp[0] = 7 0 0 0 0.00356430143583589 0.207128602871672 0.703564301435836 1
days_asymp[0] = 7 0 0 0 0.0678864514455201 0.33577290289104 0.76788645144552 1
days_asymp[0] = 7 0 0 0 0.18655392145738 0.57310784291476 0.88655392145738 1
days_asymp[0] = 7 0 0 0 0.0502784928074108 0.300556985614822 0.750278492807411 1
days_asymp[0] = 7 0 0 0 0.297464538202621 0.794929076405242 0.997464538202621 1
days_asymp[0] = 7 0 0 0 0.174970340821892 0.549940681643784 0.874970340821892 1
days_asymp[0] = 7 0 0 0 0.102543589915149 0.405087179830298 0.802543589915149 1
days_asymp[0] = 7 0 0 0 0.0109516674885527 0.221903334977105 0.710951667488553 1
days_asymp[0] = 7 0 0 0 0.0103009240468964 0.220601848093793 0.710300924046896 1
days_asymp[0] = 7 0 0 0 0.093909675255418 0.387819350510836 0.793909675255418 1
days_asymp[0] = 7 0 0 0 0.00475622699595993 0.20951245399192 0.70475622699596 1
days_asymp[0] = 7 0 0 0 0.015994366980158 0.231988733960316 0.715994366980158 1
days_asymp[0] = 7 0 0 0 0.115068828687072 0.430137657374144 0.815068828687072 1
days_asymp[0] = 7 0 0 0 0.0470118020894007 0.294023604178801 0.747011802089401 1
days_asymp[0] = 7 0 0 0 0.284145916462876 0.768291832925752 0.984145916462876 1
days_asymp[0] = 7 0 0 0 0.0400537268724294 0.280107453744859 0.740053726872429 1
days_asymp[0] = 7 0 0 0 0.189055018778891 0.578110037557781 0.889055018778891 1
days_asymp[0] = 7 0 0 0 0.205712411203422 0.611424822406844 0.905712411203422 1
days_asymp[0] = 7 0 0 0 0.272705739643425 0.74541147928685 0.972705739643425 1
days_asymp[0] = 7 0 0 0 0.10369620078709 0.40739240157418 0.80369620078709 1
days_asymp[0] = 7 0 0 0 0.0885692281415688 0.377138456283138 0.788569228141569 1
days_asymp[0] = 7 0 0 0 0.283144939737395 0.766289879474789 0.983144939737394 1
days_asymp[0] = 7 0 0 0 0.0242920758202673 0.248584151640535 0.724292075820267 1
days_asymp[0] = 7 0 0 0 0.202469459781423 0.604938919562847 0.902469459781423 1
days_asymp[0] = 7 0 0 0 0.0143447479465978 0.228689495893196 0.714344747946598 1
days_asymp[0] = 7 0 0 0 0.151404851046391 0.502809702092782 0.851404851046391 1
days_asymp[0] = 7 0 0 0 0.0432194655993955 0.286438931198791 0.743219465599396 1
days_asymp[0] = 7 0 0 0 0.00257623577490454 0.205152471549809 0.702576235774905 1
days_asymp[0] = 7 0 0 0 0.156214283430018 0.512428566860035 0.856214283430018 1
days_asymp[0] = 7 0 0 0 0.278970979945734 0.757941959891468 0.978970979945734 1
days_asymp[0] = 7 0 0 0 0.228032661834732 0.656065323669464 0.928032661834732 1
days_asymp[0] = 7 0 0 0 0.0799958203453572 0.359991640690714 0.779995820345357 1
days_asymp[0] = 7 0 0 0 0.109029287472367 0.418058574944735 0.809029287472367 1
days_asymp[0] = 7 0 0 0 0.242359827691689 0.684719655383378 0.942359827691689 1
days_asymp[0] = 7 0 0 0 0.142067569121719 0.484135138243437 0.842067569121719 1
days_asymp[0] = 7 0 0 0 0.143161174678244 0.486322349356488 0.843161174678244 1
days_asymp[0] = 7 0 0 0 0.108370097726583 0.416740195453167 0.808370097726584 1
days_asymp[0] = 7 0 0 0 0.0535293723223732 0.307058744644746 0.753529372322373 1
days_asymp[0] = 7 0 0 0 0.235948462807573 0.671896925615147 0.935948462807573 1
days_asymp[0] = 7 0 0 0 0.106343248556368 0.412686497112736 0.806343248556368 1
days_asymp[0] = 7 0 0 0 0.167183794942685 0.534367589885369 0.867183794942685 1
days_asymp[0] = 7 0 0 0 0.170002635614947 0.540005271229893 0.870002635614947 1
days_asymp[0] = 7 0 0 0 0.159465294401162 0.518930588802323 0.859465294401162 1
days_asymp[0] = 7 0 0 0 0.203439641254954 0.606879282509908 0.903439641254954 1
days_asymp[0] = 7 0 0 0 0.280902211787179 0.761804423574358 0.980902211787179 1
days_asymp[0] = 7 0 0 0 0.276082848524675 0.75216569704935 0.976082848524675 1
days_asymp[0] = 7 0 0 0 0.202919478504919 0.605838957009837 0.902919478504919 1
days_asymp[0] = 7 0 0 0 0.186024997802451 0.572049995604903 0.886024997802451 1
days_asymp[0] = 7 0 0 0 0.216044420725666 0.632088841451332 0.916044420725666 1
days_asymp[0] = 7 0 0 0 0.258765170280822 0.717530340561643 0.958765170280822 1
days_asymp[0] = 7 0 0 0 0.0306683532893658 0.261336706578732 0.730668353289366 1
days_asymp[0] = 7 0 0 0 0.0283354334766047 0.25667086695321 0.728335433476605 1
days_asymp[0] = 7 0 0 0 0.102987262909301 0.405974525818602 0.802987262909301 1
days_asymp[0] = 7 0 0 0 0.0680472212377937 0.336094442475588 0.768047221237794 1
days_asymp[0] = 7 0 0 0 0.141580414376222 0.483160828752443 0.841580414376222 1
days_asymp[0] = 7 0 0 0 0.0241415200755001 0.248283040151 0.7241415200755 1
days_asymp[0] = 7 0 0 0 0.269016280537471 0.738032561074943 0.969016280537471 1
days_asymp[0] = 7 0 0 0 0.163731305929832 0.527462611859665 0.863731305929832 1
days_asymp[0] = 7 0 0 0 0.0995199424680323 0.399039884936065 0.799519942468032 1
days_asymp[0] = 7 0 0 0 0.264915381534956 0.729830763069913 0.964915381534956 1
days_asymp[0] = 7 0 0 0 0.295587304327637 0.791174608655274 0.995587304327637 1
days_asymp[0] = 7 0 0 0 0.18195368188899 0.56390736377798 0.88195368188899 1
days_asymp[0] = 7 0 0 0 0.202985477261245 0.605970954522491 0.902985477261245 1
days_asymp[0] = 7 0 0 0 0.128691331716254 0.457382663432509 0.828691331716255 1
days_asymp[0] = 7 0 0 0 0.136497087869793 0.472994175739586 0.836497087869793 1
days_asymp[0] = 7 0 0 0 0.0955117460573093 0.391023492114619 0.795511746057309 1
days_asymp[0] = 7 0 0 0 0.0187959140399473 0.237591828079895 0.718795914039947 1
days_asymp[0] = 7 0 0 0 0.19224577175919 0.58449154351838 0.89224577175919 1
days_asymp[0] = 7 0 0 0 0.0420903418678792 0.284180683735758 0.742090341867879 1
days_asymp[0] = 7 0 0 0 0.0150383258471266 0.230076651694253 0.715038325847127 1
days_asymp[0] = 7 0 0 0 0.251144902361557 0.702289804723114 0.951144902361557 1
days_asymp[0] = 7 0 0 0 0.207329126098193 0.614658252196386 0.907329126098193 1
days_asymp[0] = 7 0 0 0 0.298574662464671 0.797149324929342 0.998574662464671 1
days_asymp[0] = 7 0 0 0 0.14288742269855 0.4857748453971 0.84288742269855 1
days_asymp[0] = 7 0 0 0 0.0428802406881005 0.285760481376201 0.742880240688101 1
days_asymp[0] = 7 0 0 0 0.225181142706424 0.650362285412848 0.925181142706424 1
days_asymp[0] = 7 0 0 0 0.0518694174941631 0.303738834988326 0.751869417494163 1
days_asymp[0] = 7 0 0 0 0.0634396613342688 0.326879322668538 0.763439661334269 1
days_asymp[0] = 7 0 0 0 0.223371467669495 0.646742935338989 0.923371467669495 1
days_asymp[0] = 7 0 0 0 0.170904951053672 0.541809902107343 0.870904951053672 1
days_asymp[0] = 7 0 0 0 0.257407543086447 0.714815086172893 0.957407543086447 1
days_asymp[0] = 7 0 0 0 0.0183704742696137 0.236740948539227 0.718370474269614 1
days_asymp[0] = 7 0 0 0 0.286600303952582 0.773200607905164 0.986600303952582 1
days_asymp[0] = 7 0 0 0 0.132950366777368 0.465900733554736 0.832950366777368 1
days_asymp[0] = 7 0 0 0 0.0157606906956064 0.231521381391213 0.715760690695606 1
days_asymp[0] = 7 0 0 0 0.0992436845088379 0.398487369017676 0.799243684508838 1
days_asymp[0] = 7 0 0 0 0.198214201815426 0.596428403630853 0.898214201815426 1
days_asymp[0] = 7 0 0 0 0.117876911885105 0.43575382377021 0.817876911885105 1
days_asymp[0] = 7 0 0 0 0.217363580572419 0.634727161144838 0.917363580572419 1
days_asymp[0] = 7 0 0 0 0.19581205768045 0.591624115360901 0.89581205768045 1
days_asymp[0] = 7 0 0 0 0.290635043405928 0.781270086811856 0.990635043405928 1
days_asymp[0] = 7 0 0 0 0.0443674758542331 0.288734951708466 0.744367475854233 1
days_asymp[0] = 7 0 0 0 0.0986950238468126 0.397390047693625 0.798695023846813 1
days_asymp[0] = 7 0 0 0 0.156152580748312 0.512305161496625 0.856152580748312 1
days_asymp[0] = 7 0 0 0 0.0644601669162514 0.328920333832503 0.764460166916251 1
days_asymp[0] = 7 0 0 0 0.279948610137217 0.759897220274434 0.979948610137217 1
days_asymp[0] = 7 0 0 0 0.185907413112 0.571814826223999 0.885907413112 1
days_asymp[0] = 7 0 0 0 0.00404809056781255 0.208096181135625 0.704048090567813 1
days_asymp[0] = 7 0 0 0 0.163464416773058 0.526928833546117 0.863464416773059 1
days_asymp[0] = 7 0 0 0 0.266364289470948 0.732728578941896 0.966364289470948 1
days_asymp[0] = 7 0 0 0 0.0552092065801845 0.310418413160369 0.755209206580185 1
days_asymp[0] = 7 0 0 0 0.134547163266689 0.469094326533377 0.834547163266689 1
days_asymp[0] = 7 0 0 0 0.16397346756421 0.527946935128421 0.86397346756421 1
days_asymp[0] = 7 0 0 0 0.283303659386002 0.766607318772003 0.983303659386002 1
days_asymp[0] = 7 0 0 0 0.091955237556249 0.383910475112498 0.791955237556249 1
days_asymp[0] = 7 0 0 0 0.184229881921783 0.568459763843567 0.884229881921783 1
days_asymp[0] = 7 0 0 0 0.102324038674124 0.404648077348247 0.802324038674124 1
days_asymp[0] = 7 0 0 0 0.0107692479388789 0.221538495877758 0.710769247938879 1
days_asymp[0] = 7 0 0 0 0.167080846033059 0.534161692066118 0.867080846033059 1
days_asymp[0] = 7 0 0 0 0.283056354476139 0.766112708952278 0.983056354476139 1
days_asymp[0] = 7 0 0 0 0.299824030324817 0.799648060649633 0.999824030324817 1
days_asymp[0] = 7 0 0 0 0.214859629422426 0.629719258844852 0.914859629422426 1
days_asymp[0] = 7 0 0 0 0.095794182806276 0.391588365612552 0.795794182806276 1
days_asymp[0] = 7 0 0 0 0.13682870012708 0.47365740025416 0.83682870012708 1
days_asymp[0] = 7 0 0 0 0.122761739976704 0.445523479953408 0.822761739976704 1
days_asymp[0] = 7 0 0 0 0.260965267452411 0.721930534904823 0.960965267452411 1
days_asymp[0] = 7 0 0 0 0.063909543841146 0.327819087682292 0.763909543841146 1
days_asymp[0] = 7 0 0 0 0.292796926642768 0.785593853285536 0.992796926642768 1
days_asymp[0] = 7 0 0 0 0.069405351416208 0.338810702832416 0.769405351416208 1
days_asymp[0] = 7 0 0 0 0.298401476349682 0.796802952699363 0.998401476349682 1
days_asymp[0] = 7 0 0 0 0.142388056288473 0.484776112576947 0.842388056288473 1
days_asymp[0] = 7 0 0 0 0.192764529422857 0.585529058845714 0.892764529422857 1
days_asymp[0] = 7 0 0 0 0.220978527492844 0.641957054985687 0.920978527492844 1
days_asymp[0] = 7 0 0 0 0.108528937445954 0.417057874891907 0.808528937445954 1
days_asymp[0] = 7 0 0 0 0.0220632508629933 0.244126501725987 0.722063250862993 1
days_asymp[0] = 7 0 0 0 0.118363243178465 0.436726486356929 0.818363243178465 1
days_asymp[0] = 7 0 0 0 0.263371217390522 0.726742434781045 0.963371217390522 1
days_asymp[0] = 7 0 0 0 0.115283561032265 0.430567122064531 0.815283561032266 1
days_asymp[0] = 7 0 0 0 0.235567163326778 0.671134326653555 0.935567163326778 1
days_asymp[0] = 7 0 0 0 0.181332930712961 0.562665861425921 0.881332930712961 1
days_asymp[0] = 7 0 0 0 0.0894487545127051 0.37889750902541 0.789448754512705 1
days_asymp[0] = 7 0 0 0 0.118652102700435 0.437304205400869 0.818652102700435 1
days_asymp[0] = 7 0 0 0 0.136651340941899 0.473302681883797 0.836651340941899 1
days_asymp[0] = 7 0 0 0 0.048679672717117 0.297359345434234 0.748679672717117 1
days_asymp[0] = 7 0 0 0 0.254078619461507 0.708157238923013 0.954078619461507 1
days_asymp[0] = 7 0 0 0 0.124320540600456 0.448641081200913 0.824320540600456 1
days_asymp[0] = 7 0 0 0 0.137888718838804 0.475777437677607 0.837888718838804 1
days_asymp[0] = 7 0 0 0 0.0300947850337253 0.260189570067451 0.730094785033725 1
days_asymp[0] = 7 0 0 0 0.131649193027988 0.463298386055976 0.831649193027988 1
days_asymp[0] = 7 0 0 0 0.0295770767843352 0.25915415356867 0.729577076784335 1
days_asymp[0] = 7 0 0 0 0.156588733918034 0.513177467836067 0.856588733918034 1
days_asymp[0] = 7 0 0 0 0.037074103485793 0.274148206971586 0.737074103485793 1
days_asymp[0] = 7 0 0 0 0.00263154103886346 0.205263082077727 0.702631541038863 1
days_asymp[0] = 7 0 0 0 0.0983869026415051 0.39677380528301 0.798386902641505 1
days_asymp[0] = 7 0 0 0 0.285192339937203 0.770384679874405 0.985192339937203 1
days_asymp[0] = 7 0 0 0 0.283985497662798 0.767970995325595 0.983985497662798 1
days_asymp[0] = 7 0 0 0 0.126594386645593 0.453188773291186 0.826594386645593 1
days_asymp[0] = 7 0 0 0 0.168261658586562 0.536523317173124 0.868261658586562 1
days_asymp[0] = 7 0 0 0 0.260670465650037 0.721340931300074 0.960670465650037 1
days_asymp[0] = 7 0 0 0 0.122148146107793 0.444296292215586 0.822148146107793 1
days_asymp[0] = 7 0 0 0 0.163468976528384 0.526937953056768 0.863468976528384 1
days_asymp[0] = 7 0 0 0 0.209469815832563 0.618939631665126 0.909469815832563 1
days_asymp[0] = 7 0 0 0 0.11421431384515 0.428428627690301 0.81421431384515 1
days_asymp[0] = 7 0 0 0 0.117174518667161 0.434349037334323 0.817174518667162 1
days_asymp[0] = 7 0 0 0 0.138279343605973 0.476558687211946 0.838279343605973 1
days_asymp[0] = 7 0 0 0 0.197884764801711 0.595769529603422 0.897884764801711 1
days_asymp[0] = 7 0 0 0 0.229511111858301 0.659022223716602 0.929511111858301 1
days_asymp[0] = 7 0 0 0 0.0758790297433735 0.351758059486747 0.775879029743374 1
days_asymp[0] = 7 0 0 0 0.240920181619004 0.681840363238007 0.940920181619004 1
days_asymp[0] = 7 0 0 0 0.0651508082170042 0.330301616434008 0.765150808217004 1
days_asymp[0] = 7 0 0 0 0.0569449046161027 0.313889809232205 0.756944904616103 1
days_asymp[0] = 7 0 0 0 0.205263213347644 0.610526426695287 0.905263213347644 1
days_asymp[0] = 7 0 0 0 0.0469356306362899 0.29387126127258 0.74693563063629 1
days_asymp[0] = 7 0 0 0 0.231021084194072 0.662042168388144 0.931021084194072 1
days_asymp[0] = 7 0 0 0 0.0274499164894225 0.254899832978845 0.727449916489423 1
days_asymp[0] = 7 0 0 0 0.055530012608506 0.311060025217012 0.755530012608506 1
days_asymp[0] = 7 0 0 0 0.0716265096561985 0.343253019312397 0.771626509656199 1
days_asymp[0] = 7 0 0 0 0.0341443060431631 0.268288612086326 0.734144306043163 1
days_asymp[0] = 7 0 0 0 0.244742295169272 0.689484590338543 0.944742295169272 1
days_asymp[0] = 7 0 0 0 0.198366209864617 0.596732419729233 0.898366209864617 1
days_asymp[0] = 7 0 0 0 0.0543884316226468 0.308776863245294 0.754388431622647 1
days_asymp[0] = 7 0 0 0 0.200951624871232 0.601903249742463 0.900951624871232 1
days_asymp[0] = 7 0 0 0 0.148143883282319 0.496287766564638 0.848143883282319 1
days_asymp[0] = 7 0 0 0 0.25346296846401 0.706925936928019 0.95346296846401 1
days_asymp[0] = 7 0 0 0 0.0431059770053254 0.286211954010651 0.743105977005325 1
days_asymp[0] = 7 0 0 0 0.211366986902431 0.622733973804862 0.911366986902431 1
days_asymp[0] = 7 0 0 0 0.126713401288726 0.453426802577451 0.826713401288726 1
days_asymp[0] = 7 0 0 0 0.271030761790462 0.742061523580924 0.971030761790462 1
days_asymp[0] = 7 0 0 0 0.0693640168989079 0.338728033797816 0.769364016898908 1
days_asymp[0] = 7 0 0 0 0.128635721071623 0.457271442143247 0.828635721071624 1
days_asymp[0] = 7 0 0 0 0.123461265745573 0.446922531491146 0.823461265745573 1
days_asymp[0] = 7 0 0 0 0.162841270118952 0.525682540237904 0.862841270118952 1
days_asymp[0] = 7 0 0 0 0.153217625920661 0.506435251841322 0.853217625920661 1
days_asymp[0] = 7 0 0 0 0.105511124781333 0.411022249562666 0.805511124781333 1
days_asymp[0] = 7 0 0 0 0.279349160660058 0.758698321320117 0.979349160660058 1
days_asymp[0] = 7 0 0 0 0.0418507496360691 0.283701499272138 0.741850749636069 1
days_asymp[0] = 7 0 0 0 0.122712128888816 0.445424257777631 0.822712128888816 1
days_asymp[0] = 7 0 0 0 0.0603385237511248 0.32067704750225 0.760338523751125 1
days_asymp[0] = 7 0 0 0 0.136229607858695 0.47245921571739 0.836229607858695 1
days_asymp[0] = 7 0 0 0 0.10139791702386 0.40279583404772 0.80139791702386 1
days_asymp[0] = 7 0 0 0 0.294672764930874 0.789345529861748 0.994672764930874 1
days_asymp[0] = 7 0 0 0 0.242085111513734 0.684170223027468 0.942085111513734 1
days_asymp[0] = 7 0 0 0 0.158712156163529 0.517424312327057 0.858712156163529 1
days_asymp[0] = 7 0 0 0 0.0926056968513877 0.385211393702775 0.792605696851388 1
days_asymp[0] = 7 0 0 0 0.145200694841333 0.490401389682666 0.845200694841333 1
days_asymp[0] = 7 0 0 0 0.214235246437602 0.628470492875204 0.914235246437602 1
days_asymp[0] = 7 0 0 0 0.102463393332437 0.404926786664873 0.802463393332437 1
days_asymp[0] = 7 0 0 0 0.174058025632985 0.54811605126597 0.874058025632985 1
days_asymp[0] = 7 0 0 0 0.0928654385497795 0.385730877099559 0.79286543854978 1
days_asymp[0] = 7 0 0 0 0.10938342071604 0.41876684143208 0.80938342071604 1
days_asymp[0] = 7 0 0 0 0.296110752155073 0.792221504310146 0.996110752155073 1
days_asymp[0] = 7 0 0 0 0.0110323673347012 0.222064734669402 0.711032367334701 1
days_asymp[0] = 7 0 0 0 0.286862087273039 0.773724174546078 0.986862087273039 1
days_asymp[0] = 7 0 0 0 0.157092409324832 0.514184818649665 0.857092409324832 1
days_asymp[0] = 7 0 0 0 0.0951838441193106 0.390367688238621 0.795183844119311 1
days_asymp[0] = 7 0 0 0 0.0813717266544702 0.36274345330894 0.78137172665447 1
days_asymp[0] = 7 0 0 0 0.257178627094254 0.714357254188508 0.957178627094254 1
days_asymp[0] = 7 0 0 0 0.117283128923737 0.434566257847473 0.817283128923737 1
days_asymp[0] = 7 0 0 0 0.0624516265466809 0.324903253093362 0.762451626546681 1
days_asymp[0] = 7 0 0 0 0.181515936786309 0.563031873572618 0.881515936786309 1
days_asymp[0] = 7 0 0 0 0.298515246715397 0.797030493430793 0.998515246715397 1
days_asymp[0] = 7 0 0 0 0.000299994181841706 0.200599988363683 0.700299994181842 1
days_asymp[0] = 7 0 0 0 0.0891865606186914 0.378373121237383 0.789186560618691 1
days_asymp[0] = 7 0 0 0 0.0426138727460058 0.285227745492012 0.742613872746006 1
days_asymp[0] = 7 0 0 0 0.0713430553441869 0.342686110688374 0.771343055344187 1
days_asymp[0] = 7 0 0 0 0.195636349660345 0.591272699320689 0.895636349660345 1
days_asymp[0] = 7 0 0 0 0.0327230587368833 0.265446117473767 0.732723058736883 1
days_asymp[0] = 7 0 0 0 0.291108676744625 0.78221735348925 0.991108676744625 1
days_asymp[0] = 7 0 0 0 0.217522032000124 0.635044064000249 0.917522032000124 1
days_asymp[0] = 7 0 0 0 0.0432774204527961 0.286554840905592 0.743277420452796 1
days_asymp[0] = 7 0 0 0 0.0727947694715113 0.345589538943023 0.772794769471511 1
days_asymp[0] = 7 0 0 0 0.00529937131796046 0.210598742635921 0.70529937131796 1
days_asymp[0] = 7 0 0 0 0.227366118435748 0.654732236871496 0.927366118435748 1
days_asymp[0] = 7 0 0 0 0.0181386637967082 0.236277327593416 0.718138663796708 1
days_asymp[0] = 7 0 0 0 0.05405741406139 0.30811482812278 0.75405741406139 1
days_asymp[0] = 7 0 0 0 0.141875639534555 0.483751279069111 0.841875639534555 1
days_asymp[0] = 7 0 0 0 0.0671436983859167 0.334287396771834 0.767143698385917 1
days_asymp[0] = 7 0 0 0 0.24728537206538 0.694570744130761 0.94728537206538 1
days_asymp[0] = 7 0 0 0 0.214348667417653 0.628697334835306 0.914348667417653 1
days_asymp[0] = 7 0 0 0 0.0592030936153606 0.318406187230721 0.759203093615361 1
days_asymp[0] = 7 0 0 0 0.202352239564061 0.604704479128123 0.902352239564061 1
days_asymp[0] = 7 0 0 0 0.129439639602788 0.458879279205576 0.829439639602788 1
days_asymp[0] = 7 0 0 0 0.173519463976845 0.547038927953691 0.873519463976845 1
days_asymp[0] = 7 0 0 0 0.0874916915316137 0.374983383063227 0.787491691531614 1
days_asymp[0] = 7 0 0 0 0.0998997923685238 0.399799584737048 0.799899792368524 1
days_asymp[0] = 7 0 0 0 0.0332135151838885 0.266427030367777 0.733213515183889 1
days_asymp[0] = 7 0 0 0 0.0246203977614642 0.249240795522928 0.724620397761464 1
days_asymp[0] = 7 0 0 0 0.0700998775893823 0.340199755178765 0.770099877589382 1
days_asymp[0] = 7 0 0 0 0.155528362537734 0.511056725075469 0.855528362537734 1
days_asymp[0] = 7 0 0 0 0.0755205797497184 0.351041159499437 0.775520579749718 1
days_asymp[0] = 7 0 0 0 0.108093679114245 0.41618735822849 0.808093679114245 1
days_asymp[0] = 7 0 0 0 0.256338722119108 0.712677444238216 0.956338722119108 1
days_asymp[0] = 7 0 0 0 0.246871657040902 0.693743314081803 0.946871657040902 1
days_asymp[0] = 7 0 0 0 0.0914430818986149 0.38288616379723 0.791443081898615 1
days_asymp[0] = 7 0 0 0 0.140839529922232 0.481679059844464 0.840839529922232 1
days_asymp[0] = 7 0 0 0 0.13257943787612 0.465158875752241 0.83257943787612 1
days_asymp[0] = 7 0 0 0 0.0765899628633634 0.353179925726727 0.776589962863363 1
days_asymp[0] = 7 0 0 0 0.187147945188917 0.574295890377834 0.887147945188917 1
days_asymp[0] = 7 0 0 0 0.159122001472861 0.518244002945721 0.859122001472861 1
