33.013999 -91.454470
33.390058 -91.448416
33.562569 -91.443885
33.559678 -91.342975
33.520525 -91.344813
33.519766 -91.335429
33.534845 -91.331377
33.535009 -91.320917
33.528169 -91.321856
33.527918 -91.309183
33.517458 -91.308946
33.514765 -91.247756
33.558503 -91.243217
33.556463 -91.227744
33.539389 -91.213598
33.538618 -91.204214
33.523463 -91.182957
33.512126 -91.180516
33.473510 -91.207754
33.459568 -91.227263
33.443558 -91.232962
33.447502 -91.181881
33.466759 -91.171841
33.504481 -91.174290
33.511893 -91.165089
33.493305 -91.128909
33.469788 -91.119066
33.452946 -91.119822
33.443238 -91.130625
33.422227 -91.198941
33.414414 -91.204274
33.391946 -91.185093
33.388994 -91.137744
33.415014 -91.099237
33.462971 -91.085908
33.466321 -91.073868
33.460126 -91.061089
33.431913 -91.061623
33.410295 -91.078797
33.393522 -91.107050
33.359518 -91.130533
33.322501 -91.141856
33.268624 -91.122614
33.249329 -91.103013
33.292477 -91.076432
33.293694 -91.053939
33.282040 -91.040534
33.245900 -91.054649
33.225816 -91.092110
33.161723 -91.086426
33.145206 -91.095963
33.131191 -91.121438
33.150409 -91.177737
33.140586 -91.195614
33.113346 -91.190647
33.090775 -91.146898
33.065694 -91.117898
33.047395 -91.124093
33.040555 -91.156794
33.021833 -91.160784
33.013163 -91.162241
33.013601 -91.254728
33.013545 -91.427645
33.013999 -91.454470
