33.302269 -92.340483
33.280568 -92.371001
33.272955 -92.420151
33.291655 -92.454348
33.311056 -92.461124
33.321496 -92.444484
33.329858 -92.473370
33.319707 -92.478482
33.329358 -92.492589
33.322840 -92.515425
33.357712 -92.522254
33.374485 -92.559198
33.385234 -92.565660
33.385440 -92.575022
33.406558 -92.585200
33.410792 -92.613972
33.402083 -92.632886
33.416720 -92.630170
33.437002 -92.654089
33.440442 -92.694404
33.457764 -92.693458
33.461335 -92.712318
33.468075 -92.715347
33.491759 -92.714668
33.498603 -92.730370
33.489532 -92.745416
33.499175 -92.758485
33.507639 -92.748918
33.512186 -92.765085
33.524316 -92.754571
33.536557 -92.756181
33.538285 -92.775537
33.559883 -92.768175
33.559269 -92.741692
33.566425 -92.729859
33.562767 -92.714272
33.603327 -92.712075
33.625909 -92.734513
33.654957 -92.720810
33.661350 -92.654296
33.700152 -92.616095
33.718359 -92.582029
33.808955 -92.579519
33.801477 -92.338719
33.768130 -92.325901
33.747447 -92.334546
33.735008 -92.322498
33.713726 -92.318416
33.677949 -92.311610
33.662790 -92.317683
33.628379 -92.310931
33.563233 -92.314105
33.546640 -92.304148
33.504347 -92.303186
33.450852 -92.313386
33.427138 -92.333993
33.415438 -92.328622
33.413348 -92.339547
33.380711 -92.352662
33.377625 -92.366853
33.320274 -92.366958
33.310928 -92.358375
33.307380 -92.336272
33.302269 -92.340483
