35.793253 -120.199235
35.801034 -121.329081
35.879851 -121.445542
36.181134 -121.689812
36.306943 -121.882277
36.582774 -121.955283
36.640428 -121.911421
36.607714 -121.867382
36.648221 -121.808565
36.818990 -121.761391
36.850327 -121.791712
36.878334 -121.776109
36.884224 -121.753441
36.905845 -121.734649
36.912043 -121.715453
36.910826 -121.641613
36.895957 -121.626857
36.871052 -121.625324
36.815295 -121.563760
36.765092 -121.498596
36.762059 -121.458158
36.721247 -121.444813
36.715227 -121.447911
36.712588 -121.470159
36.691554 -121.462011
36.673053 -121.434490
36.673034 -121.410372
36.655860 -121.383523
36.654697 -121.353019
36.643501 -121.336294
36.612473 -121.315571
36.571908 -121.320118
36.531920 -121.296046
36.506034 -121.296282
36.501266 -121.226103
36.454051 -121.187374
36.334426 -121.035524
36.278266 -121.018250
36.277419 -121.002776
36.266456 -120.991339
36.280131 -120.962361
36.289229 -120.961698
36.281786 -120.925891
36.299059 -120.911356
36.303537 -120.885308
36.284117 -120.826040
36.229731 -120.780475
36.203516 -120.733513
36.206223 -120.690282
36.221790 -120.685902
36.275543 -120.709090
36.314937 -120.741311
36.311931 -120.721168
36.278761 -120.663555
36.239001 -120.657626
36.208501 -120.615638
36.169665 -120.638871
36.162921 -120.651666
36.125228 -120.637306
36.104129 -120.614638
36.100172 -120.580265
36.072306 -120.570972
36.028563 -120.515403
36.031496 -120.492765
35.976001 -120.418535
35.976164 -120.381004
35.962244 -120.343412
35.920467 -120.311451
35.913200 -120.295222
35.904651 -120.259614
35.885318 -120.236062
35.838960 -120.238061
35.820821 -120.203804
35.793253 -120.199235
