33.950762 -117.783216
33.984781 -117.794638
34.022736 -117.760664
34.021142 -117.725735
34.119093 -117.688358
34.286606 -117.639797
34.562748 -117.656027
34.563153 -117.664404
34.823850 -117.665535
34.824457 -117.638099
35.098681 -117.643181
35.098300 -117.629692
35.654718 -117.638256
35.656160 -117.622417
35.674314 -117.622562
35.674527 -117.666730
35.704918 -117.668691
35.706886 -117.640385
35.805696 -117.642164
35.796639 -116.607313
35.795698 -115.626197
34.998914 -114.621069
34.997652 -114.632277
34.943610 -114.621007
34.919501 -114.630476
34.875534 -114.627263
34.831860 -114.570217
34.759959 -114.542041
34.748912 -114.525553
34.744758 -114.497804
34.709873 -114.465638
34.610895 -114.422270
34.598963 -114.434302
34.583724 -114.409742
34.536563 -114.376828
34.477086 -114.383862
34.459679 -114.376507
34.454873 -114.332636
34.435754 -114.302865
34.412069 -114.283394
34.405489 -114.257843
34.365206 -114.182080
34.336448 -114.153415
34.314548 -114.134127
34.272621 -114.125230
34.266979 -114.149912
34.186223 -114.235776
34.171231 -114.285369
34.141297 -114.322799
34.102654 -114.410166
34.078332 -114.424029
34.077925 -115.312095
34.040653 -115.312347
34.033390 -115.973244
34.034750 -116.924923
34.005656 -116.924403
34.007290 -117.223605
34.018200 -117.223079
34.020545 -117.371606
34.034632 -117.372781
34.033448 -117.554580
33.992083 -117.554839
33.973192 -117.605660
33.928630 -117.608078
33.926562 -117.653451
33.905639 -117.655488
33.904129 -117.680933
33.880963 -117.677407
33.950762 -117.783216
