41.161039 -73.104419
41.186979 -73.115093
41.199636 -73.107608
41.235536 -73.115093
41.258550 -73.096477
41.311048 -73.076235
41.334954 -73.119969
41.382375 -73.153036
41.393887 -73.178001
41.424939 -73.208268
41.428258 -73.231508
41.440579 -73.243013
41.442082 -73.266887
41.453938 -73.276569
41.451302 -73.292522
41.472210 -73.298443
41.477802 -73.324742
41.506450 -73.335508
41.520879 -73.163024
41.554479 -73.164466
41.570791 -73.093075
41.589323 -73.081783
41.595903 -73.050387
41.607275 -73.053301
41.612513 -73.024987
41.629763 -73.025361
41.642577 -72.979713
41.643153 -72.938535
41.562861 -72.945891
41.565524 -72.885090
41.550864 -72.869983
41.549758 -72.847300
41.569281 -72.847590
41.572310 -72.830965
41.551303 -72.817819
41.578830 -72.799554
41.581127 -72.754699
41.480654 -72.739928
41.478293 -72.730162
41.424826 -72.739699
41.434413 -72.655598
41.392703 -72.617823
41.329051 -72.607447
41.324684 -72.593973
41.265259 -72.543923
41.263703 -72.527245
41.270063 -72.906734
41.161039 -73.104419
