31.050146 -81.927181
31.069774 -82.055298
31.015828 -82.081697
31.015799 -82.131336
31.086021 -82.208502
31.168660 -82.210751
31.165145 -82.226697
31.187831 -82.279212
31.224385 -82.278632
31.217060 -82.211536
31.205210 -82.187137
31.225144 -82.148607
31.263350 -82.133019
31.279103 -82.097023
31.279088 -81.998487
31.294515 -81.978520
31.312886 -81.972539
31.316593 -81.995130
31.351117 -82.030287
31.367895 -82.036604
31.351142 -81.899509
31.366092 -81.796404
31.350327 -81.754251
31.326206 -81.719971
31.294594 -81.726799
31.268267 -81.746048
31.166966 -81.769531
31.145837 -81.777092
31.139453 -81.804749
31.098260 -81.837495
31.090542 -81.915851
31.050146 -81.927181
