34.411293 -84.652269
34.410793 -84.573058
34.380799 -84.572402
34.382779 -84.451014
34.388699 -84.450793
34.388894 -84.421823
34.376756 -84.406083
34.376435 -84.390458
34.383699 -84.390870
34.382139 -84.261478
34.333121 -84.258786
34.190724 -84.259321
34.187768 -84.326981
34.177114 -84.356408
34.131933 -84.372210
34.116442 -84.420773
34.083713 -84.420025
34.088642 -84.597437
34.097721 -84.597978
34.098609 -84.586923
34.107646 -84.588563
34.111598 -84.626566
34.097072 -84.625704
34.095787 -84.612299
34.088932 -84.613009
34.085865 -84.655582
34.213097 -84.659869
34.215058 -84.644968
34.342115 -84.653139
34.341653 -84.641962
34.357125 -84.641778
34.355367 -84.651705
34.411293 -84.652269
