33.354699 -84.377923
33.372151 -84.386048
33.409359 -84.377663
33.409954 -84.385957
33.426273 -84.387963
33.426285 -84.399530
33.444462 -84.400544
33.443107 -84.388360
33.453102 -84.388917
33.451705 -84.377824
33.487002 -84.383645
33.512286 -84.413172
33.553838 -84.433711
33.554330 -84.456348
33.646354 -84.454961
33.648974 -84.338608
33.649999 -84.274619
33.636828 -84.273901
33.624262 -84.256658
33.610095 -84.258093
33.600398 -84.237157
33.588565 -84.237065
33.589462 -84.249799
33.577648 -84.249166
33.578643 -84.259145
33.549424 -84.261419
33.549306 -84.276846
33.435420 -84.278357
33.434676 -84.346588
33.355393 -84.347710
33.354699 -84.377923
