39.528087 -89.704061
39.527058 -89.930090
39.558342 -89.929083
39.705009 -89.986156
39.877238 -89.998114
39.906253 -89.997709
39.908302 -89.775291
39.919193 -89.769935
39.920212 -89.710576
39.976894 -89.705939
39.978843 -89.585323
39.980236 -89.492899
39.933536 -89.495300
39.931692 -89.412533
39.918088 -89.411952
39.918720 -89.224864
39.811722 -89.223471
39.820867 -89.261162
39.793707 -89.283402
39.764316 -89.332551
39.742635 -89.408574
39.748095 -89.436086
39.686442 -89.436736
39.684193 -89.490533
39.646569 -89.489344
39.645200 -89.540714
39.528701 -89.540051
39.528087 -89.704061
