38.188851 -84.761575
38.195439 -84.739022
38.348032 -84.753793
38.432619 -84.630666
38.476252 -84.586560
38.488635 -84.566334
38.457076 -84.538418
38.438091 -84.540295
38.412682 -84.495547
38.388547 -84.471323
38.277170 -84.444908
38.253390 -84.429527
38.219180 -84.425429
38.208717 -84.413840
38.131331 -84.631864
38.116126 -84.637555
38.121913 -84.657675
38.131594 -84.650007
38.173052 -84.665442
38.178289 -84.683272
38.171438 -84.693687
38.178209 -84.704376
38.175203 -84.720406
38.188851 -84.761575
