31.334764 -92.088018
31.342337 -92.076475
31.363379 -92.074995
31.394486 -92.131233
31.475468 -92.162859
31.484564 -92.202357
31.493896 -92.212878
31.493658 -92.241328
31.512165 -92.250011
31.498255 -92.258670
31.501491 -92.275433
31.543551 -92.273114
31.545485 -92.287152
31.550688 -92.279805
31.576889 -92.309202
31.589740 -92.306425
31.615095 -92.368622
31.624161 -92.371094
31.630365 -92.360558
31.629074 -92.339531
31.639154 -92.356026
31.665948 -92.361283
31.673314 -92.358857
31.672701 -92.346993
31.696953 -92.344621
31.706188 -92.376177
31.724976 -92.355302
31.753410 -92.349848
31.759651 -92.337678
31.779616 -92.342157
31.786031 -92.359087
31.800564 -92.361765
31.824539 -92.334040
31.849694 -92.331690
31.852660 -92.322619
31.877546 -92.312701
31.887908 -92.317927
31.901879 -92.306536
31.932432 -92.307071
31.935009 -92.004779
31.342519 -92.008412
31.329526 -91.997288
31.323953 -92.001400
31.339036 -92.021161
31.337489 -92.048986
31.325603 -92.069509
31.334764 -92.088018
