44.717900 -94.496113
44.716370 -94.633026
44.457146 -94.627458
44.452568 -94.791182
44.483372 -94.820519
44.497081 -94.865854
44.518188 -94.886134
44.521224 -94.912685
44.546733 -94.981481
44.548201 -95.012412
44.575994 -95.091104
44.628099 -95.187971
44.663888 -95.237938
44.663182 -95.286111
44.691582 -95.316211
44.701889 -95.362791
44.704597 -95.384261
44.730133 -95.406449
44.758613 -95.485600
44.889839 -95.485663
44.892031 -95.247732
44.892967 -94.757460
44.894035 -94.502745
44.892452 -94.496176
44.717900 -94.496113
