31.790992 -90.736603
31.791486 -90.851924
31.831722 -90.843974
31.866927 -91.016615
31.878672 -91.244481
31.914449 -91.201542
31.988448 -91.163143
31.991984 -91.108111
32.021214 -91.072488
32.032150 -91.073243
32.043811 -91.086992
32.066260 -91.143123
32.085829 -91.145694
32.088400 -91.125728
32.056998 -91.089411
32.058707 -91.065118
32.061389 -91.035973
32.093782 -91.000358
32.104795 -90.960532
32.090334 -90.950530
32.093084 -90.913259
32.119965 -90.914816
32.133324 -90.903692
32.123975 -90.885671
32.132271 -90.878240
32.123807 -90.861859
32.138672 -90.838841
32.147633 -90.851979
32.161018 -90.838132
32.158012 -90.822384
32.148037 -90.817890
32.159057 -90.770976
32.169200 -90.760852
32.178126 -90.777782
32.186320 -90.778995
32.203551 -90.746234
32.229307 -90.724963
32.054312 -90.719583
32.019283 -90.712564
31.854577 -90.719788
31.826557 -90.737687
31.790992 -90.736603
