32.621803 -90.707596
32.582005 -90.723313
32.581864 -90.856090
32.449277 -90.857098
32.455685 -90.928923
32.438035 -90.955229
32.581078 -90.956213
32.582809 -91.032432
32.615603 -90.998763
32.626112 -90.996237
32.642809 -91.007987
32.641637 -91.027572
32.614489 -91.047737
32.606524 -91.063919
32.597663 -91.111101
32.644987 -91.146372
32.663308 -91.139665
32.723651 -91.059135
32.749529 -91.097817
32.751257 -91.136575
32.762811 -91.156450
32.841342 -91.142259
32.877291 -91.079636
32.953838 -91.075699
32.987746 -91.092781
32.987475 -91.111924
32.975349 -91.132463
32.937592 -91.130044
32.917912 -91.137285
32.905149 -91.169810
32.914288 -91.198421
32.935978 -91.209270
33.000418 -91.161974
33.013163 -91.162241
33.021833 -91.160784
33.018783 -90.913928
32.948697 -90.912127
32.895048 -90.942310
32.879660 -90.934932
32.870879 -90.945149
32.863639 -90.941738
32.860698 -90.958073
32.842857 -90.964291
32.671178 -90.963308
32.669644 -90.904446
32.676938 -90.904026
32.676015 -90.867503
32.669629 -90.868487
32.667257 -90.716453
32.645499 -90.706863
32.640685 -90.688277
32.621803 -90.707596
