36.628581 -89.960502
36.626103 -89.712217
36.777108 -89.705176
36.860976 -89.712310
36.861899 -89.703688
36.863841 -89.604763
36.871550 -89.604199
36.870685 -89.527689
36.848469 -89.525957
36.849830 -89.509279
36.832600 -89.509279
36.832146 -89.493753
36.814919 -89.493180
36.814465 -89.483407
36.803128 -89.483987
36.803582 -89.473641
36.787710 -89.471352
36.786348 -89.457557
36.771837 -89.457565
36.770926 -89.449523
36.761404 -89.448386
36.760035 -89.434027
36.750060 -89.434035
36.727828 -89.408216
36.718757 -89.408804
36.716484 -89.399046
36.702427 -89.398489
36.701050 -89.380124
36.675195 -89.370991
36.664289 -89.350926
36.651125 -89.341778
36.628908 -89.342396
36.625761 -89.363621
36.616248 -89.373952
36.510625 -89.418210
36.502679 -89.414785
36.456442 -89.448591
36.446017 -89.470908
36.465525 -89.492065
36.498609 -89.475898
36.504758 -89.481757
36.525616 -89.471450
36.547836 -89.481750
36.559177 -89.493202
36.564617 -89.530442
36.557804 -89.556215
36.541470 -89.568231
36.518799 -89.567064
36.498170 -89.533272
36.471872 -89.516098
36.441023 -89.545258
36.401123 -89.520081
36.355996 -89.519409
36.360535 -89.544640
36.379112 -89.577226
36.409023 -89.606982
36.402606 -89.665287
36.412543 -89.691609
36.426138 -89.699079
36.430624 -89.725393
36.426043 -89.749968
36.387473 -89.759559
36.389574 -89.963615
36.391793 -89.976204
36.445816 -89.962249
36.521097 -89.962134
36.556508 -89.952040
36.628581 -89.960502
