47.745252 -109.544328
48.132487 -109.540274
48.216569 -109.539344
48.217683 -109.557762
48.285541 -109.558846
48.286506 -109.522933
48.392257 -109.524505
48.392757 -109.500052
48.447816 -109.498625
48.447686 -109.466610
48.519343 -109.466557
48.521644 -109.502203
48.579060 -109.500287
48.580399 -109.513365
48.917427 -109.510818
48.917011 -109.497748
49.000005 -109.500737
49.000010 -108.250675
48.915354 -108.249640
48.915339 -108.265403
48.741439 -108.263440
48.739917 -108.328286
48.575874 -108.325443
48.575199 -108.347219
48.429178 -108.347587
48.444002 -108.420039
48.217827 -108.417469
48.216526 -108.443830
47.981217 -108.444592
47.983264 -108.566364
47.990637 -108.594594
47.980047 -108.608030
47.921228 -108.629508
47.927655 -108.671830
47.928040 -108.888613
47.864941 -108.886561
47.863979 -108.900653
47.739592 -108.898683
47.740930 -108.951976
47.752393 -108.953525
47.764261 -108.930850
47.775423 -108.953930
47.793806 -108.942531
47.809350 -108.997640
47.803032 -109.082756
47.782196 -109.147837
47.793327 -109.183094
47.798133 -109.263686
47.775687 -109.284103
47.746347 -109.399593
47.729601 -109.427159
47.731951 -109.484595
47.749109 -109.528489
47.745252 -109.544328
