45.794355 -106.197500
46.132603 -106.200181
46.132286 -106.162765
46.478724 -106.160927
46.478811 -106.125960
46.833415 -106.123511
46.832503 -106.092969
46.849021 -106.093496
46.865565 -106.092032
46.862786 -105.837114
46.836186 -105.835702
46.834311 -105.620078
46.750337 -105.620657
46.749006 -105.577572
46.665941 -105.580874
46.661897 -105.491469
46.603646 -105.492132
46.600850 -105.453739
46.571034 -105.455059
46.567159 -105.242931
46.544694 -105.243167
46.542192 -104.987586
46.566484 -104.987945
46.566927 -104.854524
46.614612 -104.853822
46.613922 -104.736156
46.481435 -104.735996
46.483598 -104.909526
46.312655 -104.912440
46.311469 -104.884127
46.137864 -104.887064
46.137501 -104.940876
45.787374 -104.942465
45.786524 -104.997940
45.794355 -106.197500
