46.849021 -106.093496
46.847460 -106.731104
46.862135 -106.731715
46.865139 -107.472714
46.848613 -107.472501
46.847408 -107.893969
46.856872 -107.916438
46.884502 -107.945988
46.923760 -107.938374
46.942273 -107.917553
46.949437 -107.923962
46.975408 -107.915539
46.978960 -107.903774
47.007972 -107.901508
47.022044 -107.923649
47.038398 -107.913975
47.043487 -107.928929
47.079312 -107.929745
47.091816 -107.942487
47.115182 -107.945226
47.123055 -107.959036
47.157014 -107.961088
47.176997 -107.937611
47.193595 -107.951955
47.214885 -107.947232
47.223086 -107.965757
47.236991 -107.961919
47.244544 -107.971067
47.258797 -107.955228
47.279114 -107.968489
47.327818 -107.970106
47.389622 -107.932363
47.456812 -107.915639
47.457411 -107.878155
47.482650 -107.864238
47.525512 -107.862079
47.557987 -107.769379
47.595581 -107.723884
47.631607 -107.702430
47.653042 -107.640478
47.654557 -107.600246
47.649794 -107.534799
47.630415 -107.500160
47.626159 -107.449552
47.648170 -107.434590
47.695766 -107.427686
47.703205 -107.405888
47.665266 -107.221094
47.672595 -107.121983
47.667640 -107.012876
47.679928 -106.911949
47.695988 -106.892501
47.733400 -106.886763
47.744413 -106.821315
47.737359 -106.759795
47.744569 -106.744627
47.775187 -106.733128
47.773871 -106.682595
47.798801 -106.655340
47.797240 -106.640462
47.781314 -106.630398
47.778819 -106.616161
47.808422 -106.609270
47.814895 -106.583260
47.835331 -106.573967
47.855466 -106.530964
47.878550 -106.553434
47.896220 -106.519069
47.912013 -106.537213
47.932968 -106.499574
47.952145 -106.509089
47.980631 -106.462257
47.973016 -106.449812
47.955060 -106.449133
47.954797 -106.437650
47.961717 -106.437238
47.960114 -106.369684
47.865750 -106.365564
47.864941 -106.275898
47.525647 -106.278823
47.525193 -106.306290
47.358732 -106.305101
47.357532 -106.180683
47.181556 -106.177488
47.180604 -106.090768
46.865565 -106.092032
46.849021 -106.093496
