38.702910 -119.575687
38.922252 -119.889342
38.994106 -119.995255
39.063491 -119.995150
39.106132 -119.994541
39.108525 -119.753790
39.095826 -119.753904
39.094395 -119.736654
39.083958 -119.736852
39.081131 -119.528017
39.083885 -119.317024
38.988677 -119.316954
38.989215 -119.336509
38.980185 -119.334449
38.980001 -119.391871
38.957788 -119.391733
38.957002 -119.408870
38.875850 -119.408557
38.877364 -119.423977
38.855136 -119.424420
38.854076 -119.409023
38.826380 -119.411060
38.826075 -119.403370
38.812880 -119.405887
38.813937 -119.398242
38.732275 -119.400875
38.731814 -119.377841
38.741350 -119.376971
38.741496 -119.345705
38.664028 -119.342630
38.661732 -119.320153
38.527109 -119.318825
38.702910 -119.575687
