43.682700 -76.205666
43.835127 -76.239992
43.912490 -76.193718
43.932208 -76.129066
44.013229 -76.134522
44.065598 -76.201543
44.042017 -76.296883
44.098355 -76.362881
44.390263 -75.848030
44.214891 -75.447215
44.103916 -75.548626
44.073160 -75.488738
44.052051 -75.502263
44.043082 -75.489345
44.030155 -75.504321
44.008736 -75.504487
44.008217 -75.549616
43.963577 -75.549233
43.963310 -75.609599
43.879054 -75.751669
43.884225 -75.840660
43.795718 -75.850950
43.789261 -75.790562
43.690198 -75.774675
43.705593 -76.033366
43.671474 -76.031085
43.682700 -76.205666
