34.328938 -78.025639
34.364292 -78.129959
34.362412 -78.154504
34.348340 -78.184336
34.351220 -78.194285
34.394955 -78.261219
34.462619 -78.169396
34.507549 -78.254779
34.528107 -78.262126
34.553921 -78.256526
34.677324 -78.156476
34.699350 -78.113452
34.721155 -78.113482
34.729100 -78.017073
34.717263 -77.988859
34.719574 -77.939014
34.711174 -77.926380
34.720362 -77.689532
34.469512 -77.576025
34.457176 -77.538326
34.421104 -77.586455
34.435211 -77.609421
34.412796 -77.602310
34.305215 -77.750229
34.359601 -77.808848
34.388138 -77.828090
34.364239 -77.887777
34.373482 -77.921493
34.356606 -77.943650
34.366253 -77.949525
34.375855 -77.978785
34.362484 -77.994166
34.340085 -77.986391
34.328938 -78.025639
