34.722682 -99.658705
34.750841 -99.660261
34.750894 -99.678717
34.765882 -99.679221
34.767789 -99.713341
34.852716 -99.716385
34.857282 -99.727013
34.943553 -99.725587
34.942911 -99.887663
35.029182 -99.888099
35.031308 -99.784221
35.117111 -99.782299
35.117158 -99.401762
35.092599 -99.394086
35.082494 -99.371693
35.052038 -99.365200
35.038256 -99.335559
35.023211 -99.325022
34.986026 -99.333201
34.960114 -99.327815
34.907675 -99.290155
34.894080 -99.294764
34.889693 -99.321147
34.875156 -99.320156
34.852311 -99.296268
34.839826 -99.259981
34.809741 -99.242358
34.810659 -99.401343
34.764343 -99.402266
34.764072 -99.439750
34.730469 -99.440559
34.727223 -99.426597
34.722703 -99.431106
34.722682 -99.658705
