44.736797 -123.124956
44.747661 -123.147196
44.769462 -123.150477
44.779284 -123.145571
44.794265 -123.097955
44.801730 -123.094766
44.815451 -123.114710
44.823389 -123.170879
44.844923 -123.179951
44.867499 -123.146534
44.892683 -123.135929
44.905123 -123.113826
44.919821 -123.112575
44.930258 -123.074130
44.952471 -123.038035
44.972689 -123.035967
45.003923 -123.073688
45.049531 -123.056462
45.068540 -123.071118
45.076600 -123.044674
45.099633 -123.051282
45.097837 -123.020047
45.112886 -123.000675
45.146424 -123.028295
45.157979 -123.005361
45.164815 -123.005964
45.191498 -123.023268
45.193302 -123.044181
45.205582 -123.045936
45.216587 -123.035255
45.222397 -122.997511
45.255898 -123.005706
45.280480 -122.967665
45.262902 -122.940786
45.251062 -122.866427
45.254953 -122.840166
45.269010 -122.821924
45.267523 -122.782204
45.253897 -122.779732
45.251319 -122.743827
45.208488 -122.739508
45.171008 -122.749258
45.159793 -122.754774
45.149249 -122.776541
45.120063 -122.785040
45.087337 -122.726558
45.041775 -122.679346
45.010228 -122.592002
44.982190 -122.584502
44.976903 -122.568557
44.955403 -122.557738
44.929662 -122.516874
44.916657 -122.510641
44.911912 -122.470242
44.896451 -122.445759
44.890397 -122.403331
44.878354 -122.395915
44.875763 -121.752144
44.819516 -121.753325
44.808660 -121.801513
44.796876 -121.811622
44.770513 -121.807806
44.757649 -121.771489
44.724199 -121.800000
44.678178 -121.796725
44.682236 -122.034265
44.714196 -122.142796
44.691407 -122.188657
44.686742 -122.214666
44.689428 -122.227728
44.720361 -122.254584
44.748829 -122.297355
44.751004 -122.481648
44.746041 -122.513432
44.762288 -122.540525
44.772183 -122.588354
44.784047 -122.610594
44.772874 -122.680511
44.791207 -122.754220
44.791058 -122.799952
44.752740 -122.861057
44.736905 -122.898953
44.736737 -122.923405
44.721676 -122.953626
44.687978 -122.981535
44.680146 -123.003363
44.688675 -123.016989
44.710244 -123.015051
44.731987 -123.049827
44.744728 -123.111505
44.736797 -123.124956
