44.819516 -121.753325
44.875763 -121.752144
44.882096 -121.728080
44.893082 -121.727570
44.931649 -121.761256
44.929109 -121.793979
44.950700 -121.791004
44.980669 -121.809285
44.997152 -121.808530
45.029034 -121.760403
45.033318 -121.716762
45.047314 -121.708690
45.070499 -121.659883
45.102837 -121.663424
45.123635 -121.709522
45.182431 -121.740850
45.195821 -121.737264
45.225156 -121.682957
45.251710 -121.682217
45.253098 -121.480041
45.510112 -121.482318
45.512420 -121.440173
45.694967 -121.442552
45.690603 -121.422029
45.699687 -121.367814
45.696643 -121.319978
45.678340 -121.276391
45.665645 -121.214272
45.657287 -121.203308
45.613242 -121.192055
45.600516 -121.174316
45.607059 -121.125205
45.646611 -121.073530
45.652844 -121.033483
45.645155 -120.968479
45.650316 -120.948573
45.635477 -120.907937
45.582041 -120.888519
45.558317 -120.902115
45.539282 -120.895798
45.522124 -120.872016
45.509719 -120.825757
45.502921 -120.823414
45.439379 -120.854229
45.425559 -120.841731
45.405478 -120.856166
45.383506 -120.856852
45.380648 -120.876819
45.356768 -120.896206
45.351618 -120.916027
45.331213 -120.925862
45.325681 -120.943059
45.311678 -120.937046
45.298063 -120.949215
45.297590 -120.965405
45.306375 -120.977598
45.277592 -121.038130
45.271329 -121.018308
45.211407 -121.019245
45.193433 -120.993563
45.195639 -120.918571
45.184291 -120.852513
45.157500 -120.814090
45.121456 -120.730544
45.107140 -120.719396
45.080937 -120.725057
45.078929 -120.510999
45.058414 -120.491832
44.932720 -120.476919
44.922481 -120.466726
44.896042 -120.464718
44.895169 -120.445332
44.888054 -120.437877
44.876725 -120.452121
44.859799 -120.453189
44.844388 -120.413103
44.817796 -120.381500
44.819516 -121.753325
