40.378600 -77.756795
40.371783 -77.763410
40.367571 -77.820724
40.372907 -77.859971
40.396008 -77.869142
40.401379 -77.891505
40.429008 -77.902530
40.468581 -77.864679
40.499537 -77.820107
40.551178 -77.842722
40.562980 -77.839151
40.625721 -77.775864
40.681662 -77.690628
40.686202 -77.690636
40.682097 -77.703354
40.694780 -77.711274
40.697523 -77.700371
40.708402 -77.705857
40.717512 -77.680413
40.730199 -77.688936
40.855018 -77.363623
40.811462 -77.360062
40.706228 -77.359065
40.698445 -77.300881
40.612870 -77.507589
40.590647 -77.487606
40.523933 -77.610379
40.517120 -77.618229
40.491726 -77.618786
40.378600 -77.756795
