34.087982 -80.069678
34.046640 -79.991476
34.012549 -80.017524
34.004347 -80.067391
33.949679 -80.178631
34.003766 -80.184849
33.990933 -80.241873
34.040424 -80.265859
34.041263 -80.294134
34.063987 -80.295881
34.081664 -80.314809
34.082381 -80.379142
34.089617 -80.390273
34.082766 -80.399665
34.112947 -80.470841
34.163846 -80.472808
34.172540 -80.457869
34.207112 -80.449185
34.229009 -80.427639
34.275319 -80.437900
34.295896 -80.403536
34.300123 -80.361291
34.315095 -80.369150
34.335100 -80.364793
34.332025 -80.329171
34.345636 -80.336464
34.372133 -80.282577
34.368028 -80.289245
34.345388 -80.256332
34.314531 -80.236205
34.333673 -80.205099
34.362779 -80.190153
34.360071 -80.180677
34.337350 -80.180074
34.205206 -80.109219
34.187929 -80.116414
34.160624 -80.149688
34.121120 -80.117980
34.087982 -80.069678
