34.129824 -81.863406
34.147943 -81.895489
34.199070 -81.937292
34.298222 -81.878015
34.360305 -81.773749
34.410431 -81.734236
34.440571 -81.724317
34.449212 -81.692746
34.525431 -81.637507
34.518596 -81.606126
34.503285 -81.596323
34.472567 -81.549424
34.448508 -81.547830
34.445922 -81.537187
34.484036 -81.471038
34.489167 -81.423741
34.467564 -81.406620
34.434331 -81.412144
34.342502 -81.377643
34.236961 -81.308519
34.196154 -81.340053
34.181409 -81.357014
34.172791 -81.394072
34.122790 -81.431465
34.082374 -81.390792
34.061073 -81.385413
34.073443 -81.415031
34.072741 -81.434982
34.087408 -81.461876
34.071405 -81.469346
34.080043 -81.538836
34.090400 -81.546252
34.121297 -81.614017
34.141896 -81.636097
34.169273 -81.692198
34.179614 -81.730750
34.167127 -81.774895
34.175010 -81.823389
34.172156 -81.859981
34.158327 -81.871860
34.129824 -81.863406
