36.412275 -85.108766
36.309061 -85.117063
36.204508 -85.076902
36.152818 -85.115860
36.155739 -85.183566
36.207678 -85.328996
36.226572 -85.323960
36.237942 -85.403262
36.283557 -85.463054
36.307102 -85.461223
36.309459 -85.490810
36.411510 -85.488245
36.443760 -85.488816
36.477074 -85.466987
36.496198 -85.441908
36.511640 -85.402104
36.496080 -85.398373
36.493463 -85.375026
36.513517 -85.377361
36.541163 -85.284698
36.515075 -85.201916
36.458005 -85.142748
36.413934 -85.129275
36.412275 -85.108766
