36.166633 -83.732251
36.173855 -83.922397
36.189433 -83.944661
36.271353 -84.016375
36.282133 -83.984147
36.274439 -83.974991
36.277296 -83.967919
36.386096 -83.962794
36.395369 -83.947230
36.396518 -83.903627
36.424640 -83.902681
36.420619 -83.894388
36.434795 -83.848069
36.422321 -83.834121
36.425441 -83.804091
36.417110 -83.781812
36.404487 -83.783918
36.377220 -83.745906
36.340058 -83.738443
36.343744 -83.711267
36.357530 -83.705057
36.358591 -83.689515
36.339625 -83.673241
36.309424 -83.687584
36.285746 -83.686553
36.261786 -83.707831
36.213641 -83.698956
36.185676 -83.731374
36.171596 -83.722164
36.166633 -83.732251
