31.531641 -94.873869
31.439080 -94.999534
31.447852 -95.042511
31.467276 -95.057977
31.478855 -95.102945
31.488638 -95.107188
31.512487 -95.098757
31.554082 -95.140873
31.571107 -95.143613
31.585352 -95.177198
31.575665 -95.217589
31.579110 -95.244827
31.590458 -95.264603
31.600164 -95.267266
31.622926 -95.265389
31.638848 -95.285456
31.680494 -95.287325
31.718224 -95.326611
31.716050 -95.340214
31.732842 -95.337620
31.730110 -95.359884
31.749836 -95.361982
31.758624 -95.386816
31.799181 -95.395820
31.828629 -95.412476
31.844848 -95.440698
31.870183 -95.434938
31.893698 -95.440622
31.928701 -95.425669
31.951592 -95.449763
31.984014 -95.450092
32.013630 -95.426234
32.026733 -95.434139
32.044619 -95.425006
32.083653 -95.430896
32.115446 -95.461034
32.139729 -95.463445
32.142925 -94.989156
31.976612 -94.986035
31.956671 -94.979176
31.934743 -94.989193
31.851551 -94.987370
31.787713 -94.979480
31.765184 -94.935580
31.756626 -94.938273
31.751625 -94.959079
31.738610 -94.964213
31.653698 -94.945283
31.579267 -94.916046
31.573985 -94.910461
31.576442 -94.894164
31.547994 -94.891662
31.531641 -94.873869
