44.260142 -73.305326
44.367390 -73.329788
44.405533 -73.299995
44.432854 -73.293320
44.544328 -73.334452
44.553972 -73.347812
44.579167 -73.280893
44.595017 -73.260202
44.668274 -73.227305
44.718447 -73.225444
44.646892 -73.026680
44.631092 -72.928738
44.626370 -72.908915
44.543959 -72.818599
44.543375 -72.804515
44.517130 -72.827395
44.501391 -72.801408
44.458313 -72.828416
44.449848 -72.799767
44.404557 -72.833816
44.392011 -72.807182
44.352617 -72.837905
44.356455 -72.860206
44.282126 -72.911887
44.276561 -72.900481
44.165277 -72.946888
44.294069 -72.981285
44.299390 -73.022065
44.280252 -73.022980
44.258125 -73.268971
44.260142 -73.305326
