37.141481 -81.906224
37.120423 -82.009562
37.097481 -82.016261
37.083160 -82.010775
37.054435 -82.038479
37.043963 -82.075361
37.053679 -82.094436
37.043642 -82.107673
37.040895 -82.143869
37.055487 -82.130342
37.090097 -82.150973
37.114729 -82.147891
37.116060 -82.172237
37.137816 -82.173023
37.155074 -82.184514
37.160334 -82.201033
37.212321 -82.229767
37.276050 -82.248300
37.304861 -82.288951
37.531173 -81.959575
37.506645 -81.935450
37.493026 -81.947993
37.482906 -81.976422
37.466586 -81.988203
37.415516 -81.920733
37.371728 -81.926823
37.340589 -81.897158
37.325456 -81.863816
37.307031 -81.858681
37.285505 -81.838889
37.279539 -81.815381
37.287153 -81.792659
37.272257 -81.751854
37.250491 -81.738456
37.204249 -81.763010
37.188594 -81.795079
37.187834 -81.829154
37.178591 -81.833824
37.163202 -81.870508
37.146974 -81.879954
37.149664 -81.893413
37.141481 -81.906224
