36.557106 -76.045611
36.557316 -76.127050
36.670221 -76.122787
36.679648 -76.075559
36.694563 -76.071256
36.710100 -76.081297
36.722287 -76.115516
36.739178 -76.124962
36.759449 -76.153314
36.766376 -76.206042
36.826461 -76.227428
36.833213 -76.222713
36.830291 -76.203792
36.860396 -76.178538
36.865188 -76.202037
36.875541 -76.194957
36.881591 -76.209232
36.899954 -76.188197
36.904589 -76.191325
36.931765 -76.118088
36.923281 -75.995014
36.556028 -75.877811
36.556352 -75.901631
36.599175 -75.892499
36.721716 -75.950448
36.556805 -75.998315
36.556870 -76.026819
36.603744 -76.061512
36.557106 -76.045611
