47.221178 -120.004890
47.224794 -120.070467
47.256963 -120.091349
47.318921 -120.075565
47.335324 -120.082348
47.364940 -120.135260
47.392164 -120.270414
47.436506 -120.301438
47.488870 -120.304758
47.530237 -120.287410
47.561126 -120.246020
47.593441 -120.222125
47.633900 -120.224126
47.686270 -120.189076
47.720347 -120.208907
47.736491 -120.207687
47.772804 -120.150243
47.776208 -120.122135
47.766141 -120.077897
47.785049 -119.992619
47.804848 -119.971301
47.845727 -119.954982
47.866026 -119.910073
47.900977 -119.912980
47.939873 -119.859397
47.958039 -119.872345
47.978951 -119.886102
48.015214 -119.870828
48.039144 -119.894862
48.052054 -119.894763
48.086975 -119.810431
48.085877 -119.773182
48.099897 -119.763638
48.098905 -119.743976
48.083074 -119.728426
48.080408 -119.675566
48.024800 -119.690840
48.000465 -119.662136
47.997204 -119.639719
48.005059 -119.614366
48.076579 -119.509739
48.075642 -119.458994
48.045250 -119.404448
48.045506 -119.362553
48.057004 -119.336612
48.085619 -119.334263
48.106692 -119.314731
48.105945 -119.247735
48.149824 -119.124715
48.131148 -119.048318
48.102473 -119.023064
48.047899 -119.003790
48.019575 -118.954273
47.988702 -118.954021
47.959397 -118.974063
47.957106 -119.098839
47.944224 -119.097747
47.942370 -119.128716
47.913824 -119.127785
47.912073 -119.152009
47.896871 -119.152177
47.896256 -119.191263
47.881035 -119.192766
47.878883 -119.212245
47.804328 -119.209031
47.802153 -119.229830
47.780055 -119.229746
47.777853 -119.251880
47.746488 -119.255503
47.745260 -119.274295
47.728662 -119.275730
47.727895 -119.294537
47.682241 -119.299648
47.668248 -119.310574
47.666173 -119.324605
47.626648 -119.321186
47.624886 -119.343953
47.613861 -119.342885
47.610977 -119.403870
47.602230 -119.404220
47.601325 -119.429696
47.586612 -119.429147
47.585334 -119.449228
47.572436 -119.450083
47.571654 -119.468173
47.557398 -119.467631
47.556582 -119.487720
47.543695 -119.487903
47.542352 -119.511327
47.528585 -119.509457
47.527238 -119.532865
47.437568 -119.531399
47.433140 -119.875378
47.407379 -119.875584
47.406017 -119.896939
47.389446 -119.897542
47.388118 -119.916891
47.361434 -119.917707
47.359168 -119.937666
47.345816 -119.938406
47.344916 -119.959090
47.330660 -119.959113
47.328768 -119.983101
47.314989 -119.982467
47.312654 -120.005089
47.221178 -120.004890
