39.110779 -80.230718
39.169741 -80.229971
39.239610 -80.165449
39.233141 -80.128369
39.245255 -80.002823
39.296161 -79.951054
39.290387 -79.921725
39.299748 -79.906572
39.287737 -79.871094
39.243646 -79.853013
39.231574 -79.819946
39.213557 -79.813430
39.190501 -79.834068
39.171108 -79.828696
39.134998 -79.844146
39.114800 -79.833411
39.105282 -79.833106
39.088524 -79.856285
39.062393 -79.871445
38.972086 -79.899285
38.949153 -80.070761
38.984469 -80.051284
39.031427 -80.060638
39.037227 -80.130175
39.081774 -80.167362
39.093937 -80.212888
39.110779 -80.230718
