48011	Armstrong	0-4	55	43	41	48	45	45	43
48011	Armstrong	5-9	48	55	44	41	49	44	45
48011	Armstrong	10-14	59	48	55	42	41	47	44
48011	Armstrong	15-19	78	58	46	53	39	40	43
48011	Armstrong	20-24	25	72	53	43	48	37	37
48011	Armstrong	25-29	50	28	78	60	46	54	40
48011	Armstrong	30-34	59	59	26	87	72	49	57
48011	Armstrong	35-39	38	63	65	25	93	77	53
48011	Armstrong	40-44	59	40	64	71	25	94	80
48011	Armstrong	45-49	49	59	40	65	76	24	95
48011	Armstrong	50-54	83	49	58	37	64	76	23
48011	Armstrong	55-59	76	86	52	60	39	65	79
48011	Armstrong	60-64	76	89	99	59	68	47	72
48011	Armstrong	65-69	53	83	94	100	63	69	48
48011	Armstrong	70-74	47	53	81	94	103	62	67
48011	Armstrong	75-79	29	47	51	66	79	84	56
48011	Armstrong	80-84	25	26	36	37	46	55	61
48011	Armstrong	85+	19	22	25	28	31	43	55
48011	Armstrong	Total	928	980	1008	1016	1027	1012	998
