27173	Yellow Medicine	0-4	326	290	301	316	322	316	308
27173	Yellow Medicine	5-9	407	297	284	296	310	316	314
27173	Yellow Medicine	10-14	328	300	294	283	294	310	318
27173	Yellow Medicine	15-19	389	503	394	390	377	388	405
27173	Yellow Medicine	20-24	248	295	379	273	267	257	271
27173	Yellow Medicine	25-29	243	301	309	393	287	282	274
27173	Yellow Medicine	30-34	239	282	312	320	403	299	297
27173	Yellow Medicine	35-39	255	264	281	312	320	403	301
27173	Yellow Medicine	40-44	307	324	260	277	307	316	402
27173	Yellow Medicine	45-49	344	255	320	257	273	304	316
27173	Yellow Medicine	50-54	412	376	256	320	257	275	307
27173	Yellow Medicine	55-59	303	473	373	255	318	256	276
27173	Yellow Medicine	60-64	293	390	465	366	249	312	253
27173	Yellow Medicine	65-69	241	277	385	460	362	246	312
27173	Yellow Medicine	70-74	220	224	273	379	452	356	245
27173	Yellow Medicine	75-79	213	207	220	266	369	441	351
27173	Yellow Medicine	80-84	116	190	210	221	266	368	442
27173	Yellow Medicine	85+	95	157	165	178	189	215	278
27173	Yellow Medicine	Total	4979	5405	5481	5562	5622	5660	5670
