30037	Golden Valley	0-4	11	7	10	14	16	17	17
30037	Golden Valley	5-9	21	8	5	10	15	18	18
30037	Golden Valley	10-14	36	18	7	5	11	16	19
30037	Golden Valley	15-19	36	22	8	3	4	7	11
30037	Golden Valley	20-24	9	27	22	15	15	15	16
30037	Golden Valley	25-29	21	13	35	32	27	28	29
30037	Golden Valley	30-34	12	18	13	36	35	31	33
30037	Golden Valley	35-39	18	12	21	17	41	41	37
30037	Golden Valley	40-44	30	15	11	20	17	43	42
30037	Golden Valley	45-49	29	28	14	11	21	18	44
30037	Golden Valley	50-54	36	27	27	14	11	22	19
30037	Golden Valley	55-59	47	35	27	27	14	12	22
30037	Golden Valley	60-64	31	45	34	26	27	15	12
30037	Golden Valley	65-69	28	33	48	37	30	31	18
30037	Golden Valley	70-74	21	28	33	47	37	31	30
30037	Golden Valley	75-79	20	20	25	31	43	33	28
30037	Golden Valley	80-84	8	15	18	21	26	33	24
30037	Golden Valley	85+	8	8	9	16	23	30	34
30037	Golden Valley	Total	421	378	367	383	412	439	453
