30045	Judith Basin	0-4	50	43	51	55	52	47	43
30045	Judith Basin	5-9	50	55	45	52	57	55	50
30045	Judith Basin	10-14	73	54	58	47	54	59	57
30045	Judith Basin	15-19	68	57	41	43	31	37	41
30045	Judith Basin	20-24	42	61	47	34	30	22	24
30045	Judith Basin	25-29	46	74	88	73	60	57	48
30045	Judith Basin	30-34	46	58	82	94	80	68	65
30045	Judith Basin	35-39	51	58	67	90	103	89	77
30045	Judith Basin	40-44	49	56	61	69	93	106	92
30045	Judith Basin	45-49	93	53	58	63	71	95	108
30045	Judith Basin	50-54	92	95	55	59	64	73	96
30045	Judith Basin	55-59	107	94	96	55	60	65	74
30045	Judith Basin	60-64	99	108	94	96	56	61	65
30045	Judith Basin	65-69	75	103	113	100	103	64	69
30045	Judith Basin	70-74	50	75	102	113	103	106	69
30045	Judith Basin	75-79	39	37	54	74	81	74	80
30045	Judith Basin	80-84	26	19	22	31	42	44	41
30045	Judith Basin	85+	19	21	17	18	27	38	42
30045	Judith Basin	Total	1076	1121	1151	1169	1169	1158	1140
