28055	Issaquena	0-4	55	26	26	28	30	32	34
28055	Issaquena	5-9	43	26	28	28	28	28	28
28055	Issaquena	10-14	58	29	25	29	30	28	27
28055	Issaquena	15-19	52	66	70	69	30	32	28
28055	Issaquena	20-24	21	70	70	76	113	31	34
28055	Issaquena	25-29	18	84	80	80	82	157	32
28055	Issaquena	30-34	27	47	42	45	90	88	201
28055	Issaquena	35-39	20	42	62	59	11	100	94
28055	Issaquena	40-44	33	24	22	44	76	-22	110
28055	Issaquena	45-49	30	24	15	12	27	93	-54
28055	Issaquena	50-54	48	43	26	14	3	11	110
28055	Issaquena	55-59	26	50	54	38	14	-5	-4
28055	Issaquena	60-64	12	31	35	40	50	14	-12
28055	Issaquena	65-69	32	21	29	34	27	62	14
28055	Issaquena	70-74	32	19	19	26	34	15	74
28055	Issaquena	75-79	13	14	16	16	24	34	4
28055	Issaquena	80-84	10	13	18	25	14	23	34
28055	Issaquena	85+	3	4	6	7	34	13	23
28055	Issaquena	Total	533	633	643	670	717	734	777
