22037	East Feliciana	0-4	610	560	520	510	480	451	423
22037	East Feliciana	5-9	600	580	540	510	490	471	453
22037	East Feliciana	10-14	620	580	570	520	490	471	463
22037	East Feliciana	15-19	580	570	520	520	470	471	453
22037	East Feliciana	20-24	490	430	420	390	390	421	453
22037	East Feliciana	25-29	660	560	490	490	480	261	373
22037	East Feliciana	30-34	630	620	520	460	470	570	133
22037	East Feliciana	35-39	570	640	620	530	470	451	660
22037	East Feliciana	40-44	580	530	610	590	500	480	433
22037	East Feliciana	45-49	670	540	520	580	560	471	490
22037	East Feliciana	50-54	750	650	520	500	560	531	443
22037	East Feliciana	55-59	730	720	630	510	490	541	503
22037	East Feliciana	60-64	600	690	690	600	490	481	523
22037	East Feliciana	65-69	490	570	660	650	560	471	473
22037	East Feliciana	70-74	350	420	490	560	550	521	453
22037	East Feliciana	75-79	220	280	340	400	460	451	483
22037	East Feliciana	80-84	170	140	190	230	270	361	353
22037	East Feliciana	85+	170	180	180	190	250	141	263
22037	East Feliciana	Total	9490	9260	9030	8740	8430	8016	7828
