29186	Ste. Genevieve	0-4	553	590	601	581	557	521	545
29186	Ste. Genevieve	5-9	609	617	658	673	653	557	521
29186	Ste. Genevieve	10-14	623	627	635	680	698	653	557
29186	Ste. Genevieve	15-19	659	594	598	607	653	698	653
29186	Ste. Genevieve	20-24	568	536	483	488	498	648	693
29186	Ste. Genevieve	25-29	544	527	497	450	456	493	643
29186	Ste. Genevieve	30-34	466	573	555	524	477	451	488
29186	Ste. Genevieve	35-39	494	486	597	579	549	472	446
29186	Ste. Genevieve	40-44	577	507	499	614	598	544	467
29186	Ste. Genevieve	45-49	824	580	510	503	622	588	539
29186	Ste. Genevieve	50-54	747	808	569	501	497	602	573
29186	Ste. Genevieve	55-59	678	745	808	572	507	482	582
29186	Ste. Genevieve	60-64	587	666	735	803	574	477	452
29186	Ste. Genevieve	65-69	389	538	616	688	762	539	447
29186	Ste. Genevieve	70-74	307	330	462	536	609	662	469
29186	Ste. Genevieve	75-79	239	234	256	364	432	529	572
29186	Ste. Genevieve	80-84	158	160	160	180	262	292	359
29186	Ste. Genevieve	85+	117	131	143	153	174	206	233
29186	Ste. Genevieve	Total	9139	9249	9382	9496	9578	9414	9239
