34.086920 -85.416567
33.959829 -85.395738
33.955434 -85.486187
33.938764 -85.490917
33.942068 -85.520672
33.951604 -85.520184
33.954206 -85.623680
33.962915 -85.625465
33.970620 -85.734828
34.001592 -85.736103
34.102953 -85.790052
34.136281 -85.794012
34.141702 -85.807089
34.127629 -85.822195
34.124154 -85.841796
34.207435 -85.843429
34.246050 -85.842170
34.245573 -85.812712
34.265882 -85.807860
34.263494 -85.775701
34.348178 -85.666934
34.368006 -85.661494
34.371245 -85.635706
34.383020 -85.620630
34.434540 -85.584039
34.462153 -85.580408
34.476626 -85.564614
34.500536 -85.558930
34.508836 -85.549020
34.497377 -85.532868
34.512788 -85.531517
34.523015 -85.511856
34.290162 -85.460286
34.086920 -85.416567
