68.427915 -141.004723
68.459332 -145.109381
68.446585 -145.990200
67.998659 -146.028914
68.006604 -155.311396
68.034954 -156.242792
68.117491 -156.242074
68.119948 -157.155180
68.209565 -157.155195
68.209891 -159.717144
68.277406 -159.717152
68.274755 -164.499561
68.013437 -164.502436
68.013679 -165.287453
68.038450 -165.364345
68.130100 -165.922126
68.291488 -166.290774
68.350089 -166.830795
68.398713 -166.314959
68.438432 -166.369652
68.571784 -166.228863
68.695933 -166.201384
68.874281 -166.235010
68.929876 -164.327791
69.144345 -163.563940
69.418240 -163.187333
69.293235 -163.273711
69.384090 -163.123422
69.567436 -163.068463
69.601861 -163.148487
69.692142 -162.944312
69.727984 -163.029340
69.777717 -162.965996
70.303022 -161.955819
70.270265 -161.713053
70.255812 -161.898898
70.221481 -161.786011
70.192433 -162.008672
70.154978 -162.124126
70.192476 -161.703611
70.254993 -161.616648
70.289429 -160.952509
70.323884 -160.979188
70.604181 -160.153715
70.592809 -159.940901
70.538074 -159.923125
70.471110 -160.202018
70.483079 -159.923660
70.317801 -160.132216
70.363629 -159.944721
70.191674 -159.773067
70.391143 -159.890038
70.495015 -159.817552
70.466339 -159.677474
70.530048 -159.288949
70.492805 -159.733355
70.632239 -159.941735
70.604460 -160.121176
70.797534 -159.671512
70.880329 -159.165422
70.843381 -159.372602
70.819506 -159.151250
70.779214 -159.448456
70.687267 -159.220652
70.756161 -159.281243
70.771733 -159.002863
70.813114 -159.080936
70.785061 -158.684558
70.817021 -158.342330
70.848406 -158.511805
70.855897 -157.883887
71.048437 -157.278742
71.299844 -156.819884
71.406235 -156.485694
71.372346 -156.379581
71.349577 -156.604860
71.263198 -156.450429
71.241246 -156.104842
71.209309 -156.046516
71.171511 -156.112888
71.219306 -155.949286
71.185405 -155.647916
71.117351 -155.550403
70.999591 -155.739227
70.917901 -156.185905
70.898190 -155.986163
70.755409 -155.976984
70.766794 -155.904780
70.827358 -155.897862
70.839296 -155.586701
70.935399 -155.538683
71.003199 -155.390650
70.989028 -155.196180
71.085144 -155.290654
71.084035 -155.098417
71.148490 -155.104807
71.130973 -155.043155
71.016268 -155.095626
71.018756 -155.020062
71.116630 -155.003416
71.014322 -154.605862
70.917089 -154.657816
70.877640 -154.808937
70.775994 -154.197786
70.888781 -153.918350
70.928224 -153.225833
70.886300 -152.813581
70.810173 -152.704676
70.856852 -152.665255
70.881571 -152.743571
70.869629 -152.438566
70.810748 -152.218820
70.693503 -152.510768
70.643514 -152.497117
70.580199 -152.075735
70.552398 -152.626008
70.559638 -151.744025
70.512697 -151.869018
70.498798 -151.769616
70.443234 -151.969285
70.370759 -151.223434
70.375201 -151.175950
70.434376 -151.200682
70.501895 -150.783174
70.485794 -150.372027
70.409115 -150.406769
70.514710 -149.891212
70.522487 -149.497861
70.398340 -148.610274
70.311103 -148.508050
70.358887 -148.225819
70.309730 -147.861627
70.208900 -147.692719
70.170325 -145.842334
70.064778 -145.610611
69.968671 -144.970586
70.064242 -144.116961
69.984238 -144.071935
70.046192 -144.026684
70.078984 -144.067797
70.099758 -143.777963
70.108707 -143.351374
70.041765 -143.297227
70.118153 -143.283349
70.004006 -142.595503
69.848438 -142.271869
69.775376 -141.733782
69.640927 -141.390999
69.634257 -141.262941
69.672313 -141.223483
69.690915 -141.308509
69.642194 -141.005660
69.642118 -141.005660
68.427915 -141.004723
