33.784159 -91.544444
33.789541 -91.967392
33.978685 -91.969498
33.977827 -91.945648
34.071953 -91.945274
34.095177 -91.943779
34.096127 -91.739060
34.073880 -91.737313
34.073216 -91.724533
34.181518 -91.719299
34.180038 -91.701484
34.155697 -91.666372
34.143612 -91.631612
34.106819 -91.605076
34.107434 -91.545161
34.089707 -91.519175
34.090234 -91.462052
34.082780 -91.445778
34.031595 -91.434516
34.003504 -91.401122
34.001665 -91.457047
33.966204 -91.456711
33.968455 -91.537089
33.784159 -91.544444
