35.892610 -91.209303
35.893972 -91.360400
36.230285 -91.353284
36.229682 -91.333302
36.243289 -91.333630
36.240706 -91.263964
36.260687 -91.262720
36.257781 -91.244386
36.227851 -91.243699
36.225723 -91.233949
36.241702 -91.226899
36.214157 -91.186347
36.205085 -91.153639
36.173966 -91.140416
36.155537 -91.094432
36.140275 -91.082141
36.142342 -91.062815
36.154232 -91.055651
36.158935 -90.815256
36.156478 -90.748542
36.093850 -90.793626
36.085423 -90.817400
36.061761 -90.823816
36.048380 -90.844065
35.995154 -90.856768
35.977080 -90.850191
35.942406 -90.867190
35.925694 -90.860644
35.921326 -90.884990
35.909028 -90.889309
35.884649 -90.878642
35.889974 -91.036606
35.892610 -91.209303
