34.776701 -93.283397
34.860810 -93.282487
34.862134 -93.297686
34.876237 -93.297258
34.875329 -93.283197
34.892136 -93.283463
34.891735 -93.267739
34.902241 -93.266006
34.903271 -93.248107
34.918297 -93.247153
34.918869 -93.229231
34.931133 -93.229261
34.930725 -93.213529
34.947460 -93.216024
34.946628 -93.199147
34.957065 -93.199642
34.957648 -93.181148
34.973143 -93.179645
34.972991 -93.155497
34.991137 -93.156359
34.991259 -93.137834
35.001711 -93.137765
34.999964 -93.120835
35.016367 -93.119362
35.017004 -93.098602
35.033738 -93.101074
35.030343 -93.078445
35.048020 -93.079826
35.047238 -93.060683
35.062645 -93.061965
35.062786 -93.042295
35.079658 -93.040258
35.074354 -92.719044
35.082521 -92.719388
35.102479 -92.653315
35.077482 -92.653971
35.075826 -92.630861
35.109055 -92.576546
35.110112 -92.553535
35.083249 -92.538413
35.056242 -92.546333
35.011226 -92.600145
34.997028 -92.604631
34.970829 -92.581681
34.957810 -92.540748
34.935910 -92.544372
34.940450 -92.647792
34.910863 -92.649951
34.909879 -92.752554
34.854448 -92.752455
34.853853 -92.741217
34.831160 -92.740263
34.838255 -92.779228
34.858843 -92.822702
34.862403 -93.072321
34.775521 -93.075017
34.776701 -93.283397
