37.477717 -121.472106
37.476492 -121.858726
37.458816 -121.914460
37.460720 -121.975337
37.497314 -122.093024
37.735201 -122.199733
37.778463 -122.312414
37.891764 -122.307554
37.899576 -122.262143
37.894720 -122.248356
37.846896 -122.188334
37.813316 -122.166727
37.813625 -122.148667
37.795925 -122.105438
37.792842 -122.037564
37.768669 -121.996273
37.745797 -122.000560
37.730909 -121.976245
37.713968 -121.968691
37.804008 -121.569404
37.813675 -121.553672
37.809833 -121.547019
37.537923 -121.549525
37.525831 -121.533098
37.519468 -121.496689
37.504243 -121.491119
37.494493 -121.472534
37.477717 -121.472106
