37.181983 -120.032837
37.214216 -120.067683
37.226762 -120.144538
37.240342 -120.163041
37.292034 -120.180865
37.376790 -120.251718
37.424843 -120.269473
37.443603 -120.263340
37.496370 -120.308028
37.623045 -120.385784
37.635210 -120.388660
37.651952 -120.373729
37.668828 -120.386715
37.677693 -120.377804
37.673996 -120.347385
37.652467 -120.321978
37.657861 -120.307100
37.685383 -120.312403
37.715488 -120.339367
37.722926 -120.332714
37.730452 -120.289377
37.738810 -120.282183
37.741225 -120.242692
37.753752 -120.232171
37.761602 -120.192321
37.780450 -120.182655
37.781266 -120.115682
37.815913 -120.072842
37.818046 -120.060108
37.763377 -119.922134
37.758689 -119.890501
37.764357 -119.861600
37.753676 -119.794214
37.763223 -119.753228
37.784795 -119.721404
37.806340 -119.648769
37.842449 -119.635486
37.866626 -119.586191
37.895796 -119.557458
37.893538 -119.535209
37.865223 -119.478840
37.858689 -119.420304
37.834818 -119.389212
37.833529 -119.362355
37.767580 -119.302009
37.554070 -119.571802
37.487831 -119.573568
37.485668 -119.611207
37.458004 -119.611396
37.455601 -119.638567
37.410101 -119.645646
37.410078 -119.748825
37.181983 -120.032837
