33.508482 -117.509026
33.488467 -117.509446
33.466095 -117.527459
33.460389 -117.579143
33.394534 -117.597331
33.747565 -118.106717
33.762342 -118.087895
33.794133 -118.091650
33.810296 -118.065343
33.862792 -118.042279
33.880790 -118.012646
33.883239 -117.992206
33.898261 -117.990185
33.913874 -117.971569
33.944799 -117.970295
33.950762 -117.783216
33.880963 -117.677407
33.764701 -117.568134
33.756232 -117.532733
33.710766 -117.531313
33.706906 -117.477753
33.659869 -117.411268
33.536672 -117.510865
33.508482 -117.509026
