34.972637 -120.644340
35.074817 -120.616765
35.140028 -120.638410
35.209254 -120.861342
35.259405 -120.883598
35.364537 -120.849996
35.427765 -120.875212
35.456581 -120.991948
35.629323 -121.146559
35.663536 -121.270262
35.801034 -121.329081
35.793253 -120.199235
35.794435 -120.189072
35.620134 -120.180652
35.618770 -120.077568
35.532621 -120.072961
35.531186 -120.058197
35.518064 -120.056549
35.516671 -120.040092
35.491327 -120.036827
35.491220 -120.023261
35.477201 -120.021010
35.475774 -120.005697
35.462182 -120.004598
35.460255 -119.990963
35.437177 -119.987804
35.434364 -119.881530
35.349683 -119.872129
35.348877 -119.811191
35.261323 -119.807413
35.260960 -119.666555
35.176925 -119.667571
35.178399 -119.560137
35.093880 -119.562381
35.092677 -119.491517
35.078670 -119.488251
35.077567 -119.475853
34.899164 -119.471239
34.899336 -119.484705
34.888861 -119.486040
34.888587 -119.520237
34.942320 -119.617927
34.960791 -119.665133
34.987388 -119.791244
35.039118 -119.868950
35.036490 -119.901994
35.056269 -119.928591
35.063818 -119.989574
35.088888 -120.056883
35.113637 -120.083175
35.086107 -120.145039
35.067732 -120.169577
35.040237 -120.178550
35.026378 -120.203820
35.021370 -120.237315
35.025772 -120.258847
35.013756 -120.282491
35.011620 -120.326202
34.993954 -120.324325
34.986603 -120.311088
34.948648 -120.287565
34.910524 -120.285940
34.899744 -120.297820
34.958219 -120.366556
34.991387 -120.444937
34.989552 -120.476303
34.966477 -120.563953
34.964722 -120.606534
34.953072 -120.630690
34.972637 -120.644340
