36.850327 -121.791712
36.962098 -121.883537
36.947507 -122.061332
37.000869 -122.173443
37.106782 -122.274634
37.147724 -122.294646
37.183330 -122.300650
37.186087 -122.226795
37.209726 -122.226130
37.210276 -122.149788
37.280453 -122.143630
37.245641 -122.097226
37.215891 -122.081304
37.214983 -122.048832
37.157283 -121.995196
37.096490 -121.838017
37.045356 -121.742340
37.002845 -121.691755
36.966794 -121.673345
36.957246 -121.650257
36.921236 -121.618632
36.906645 -121.572785
36.889091 -121.568833
36.897780 -121.579156
36.905043 -121.614749
36.895957 -121.626857
36.910826 -121.641613
36.912043 -121.715453
36.905845 -121.734649
36.884224 -121.753441
36.878334 -121.776109
36.850327 -121.791712
