39.795924 -122.928674
39.846263 -122.949633
39.898012 -122.940708
39.914923 -122.919277
39.936697 -122.910259
39.979234 -122.933004
40.027032 -122.950202
40.045327 -122.947510
40.067387 -122.961381
40.132522 -122.967411
40.141654 -122.976010
40.189006 -122.964292
40.235472 -122.971183
40.250826 -122.992386
40.259317 -123.023889
40.285257 -123.023058
40.302617 -122.982843
40.298948 -122.906433
40.341581 -122.849525
40.359850 -122.738592
40.328407 -122.670215
40.328720 -122.632784
40.385212 -122.505440
40.367088 -122.452063
40.360619 -122.391132
40.359452 -122.333032
40.373968 -122.224729
40.367869 -122.196476
40.398597 -122.088693
40.414578 -121.925968
40.432470 -121.838915
40.430441 -121.748679
40.451289 -121.688970
40.434230 -121.646732
40.433963 -121.566896
40.446693 -121.553804
40.446823 -121.499382
40.413269 -121.472486
40.369934 -121.465542
40.345291 -121.443461
40.332078 -121.379852
40.308389 -121.342786
40.292516 -121.342427
40.293210 -121.361776
40.287133 -121.366842
40.276368 -121.349889
40.211717 -121.355603
40.202477 -121.386381
40.190778 -121.396506
40.187195 -121.420989
40.175923 -121.431739
40.153924 -121.424956
40.152878 -121.441757
40.129346 -121.439697
40.129048 -121.448105
40.119538 -121.447517
40.119458 -121.462563
40.111741 -121.462677
40.112374 -121.483185
40.103745 -121.483246
40.095043 -121.586208
40.058880 -121.582095
40.053395 -121.595577
40.036419 -121.600506
40.034874 -121.617840
40.018574 -121.616795
40.018288 -121.624584
39.997391 -121.625042
39.996495 -121.637005
39.979176 -121.638890
39.977223 -121.703658
39.930116 -121.737197
39.890947 -121.752623
39.880895 -121.766356
39.884234 -122.063649
39.868270 -122.065526
39.874286 -122.040142
39.870025 -122.033245
39.857127 -122.049137
39.837367 -122.054943
39.804347 -122.052028
39.794822 -122.040568
39.795924 -122.928674
