40.258449 -105.054110
40.257794 -105.339872
40.250672 -105.379883
40.254501 -105.658680
40.269779 -105.677059
40.325729 -105.700856
40.346252 -105.752181
40.367576 -105.779427
40.416568 -105.807145
40.457896 -105.806618
40.476015 -105.847636
40.508425 -105.855670
40.515035 -105.900868
40.558961 -105.904186
40.750177 -106.005926
40.759064 -106.036864
40.812698 -106.060958
40.818169 -106.085632
40.844287 -106.129282
40.876105 -106.141092
40.892573 -106.137910
40.917406 -106.179111
40.939028 -106.196377
41.000085 -106.203471
40.996349 -105.278798
40.994289 -104.934493
40.344595 -104.941899
40.340636 -105.052164
40.258449 -105.054110
