30.607427 -84.929134
30.584650 -84.945216
30.581970 -84.957973
30.542313 -84.983698
30.474262 -85.001618
30.466900 -84.991593
30.449095 -84.998589
30.446298 -84.987481
30.428190 -85.028924
30.413515 -85.019997
30.403484 -85.027474
30.374171 -85.018113
30.375628 -85.038224
30.364628 -85.032990
30.341814 -85.046883
30.318003 -85.041191
30.312573 -85.055504
30.267323 -85.066330
30.227151 -85.090324
30.199804 -85.120040
30.204518 -85.382099
30.574096 -85.384753
30.569080 -85.166633
30.609317 -85.167534
30.607427 -84.929134
