31.440456 -83.996951
31.439720 -84.142423
31.435285 -84.424632
31.441687 -84.424441
31.454962 -84.412280
31.568235 -84.447522
31.618627 -84.443845
31.624953 -84.293490
31.625918 -84.047047
31.662955 -84.020374
31.651734 -84.014965
31.652045 -83.993449
31.638808 -83.993327
31.634032 -84.011928
31.622693 -84.009754
31.624200 -83.993144
31.569933 -83.991001
31.569974 -83.977015
31.553998 -83.976771
31.553937 -83.991283
31.480280 -83.994624
31.478974 -83.980059
31.463433 -83.980364
31.463828 -83.994884
31.440456 -83.996951
