34.105586 -85.043388
34.107752 -85.118532
34.093257 -85.117022
34.091586 -85.154681
34.106562 -85.155681
34.106520 -85.257910
34.086452 -85.258772
34.086920 -85.416567
34.290162 -85.460286
34.290291 -85.379527
34.318699 -85.375369
34.364744 -85.343996
34.394929 -85.260749
34.410779 -85.242301
34.438645 -85.178906
34.585888 -85.099886
34.586502 -85.075334
34.570531 -85.076516
34.565549 -85.065575
34.540929 -85.066750
34.533991 -85.090318
34.471531 -85.093469
34.461994 -85.103441
34.433301 -85.093744
34.414998 -85.106485
34.401575 -85.080499
34.397093 -85.005484
34.344318 -85.005415
34.342762 -85.020362
34.220699 -85.023048
34.218997 -85.041290
34.105586 -85.043388
