32.744383 -85.124885
32.756315 -85.133301
32.777070 -85.128090
32.807446 -85.162301
32.871813 -85.180720
32.865288 -84.852738
32.865601 -84.834709
32.859666 -84.834892
32.858995 -84.753392
32.832537 -84.687862
32.740739 -84.680796
32.741075 -84.672624
32.719606 -84.673540
32.720865 -84.687258
32.700854 -84.686076
32.701971 -84.692149
32.684573 -84.693850
32.684954 -84.684596
32.581655 -84.690494
32.585523 -84.901031
32.601010 -84.901443
32.603004 -85.084149
32.628451 -85.086324
32.645910 -85.103804
32.676152 -85.090475
32.689972 -85.107733
32.734389 -85.113868
32.744383 -85.124885
