32.735673 -84.277153
32.755196 -84.291306
32.759124 -84.331918
32.774280 -84.340937
32.766090 -84.352503
32.775569 -84.378680
32.821450 -84.406353
32.829636 -84.430302
32.821266 -84.446225
32.852401 -84.477491
32.871176 -84.475271
32.877031 -84.500204
32.905336 -84.510566
32.919781 -84.525619
32.965747 -84.527153
32.990901 -84.478767
32.990416 -84.313930
33.003191 -84.313534
33.002234 -84.290485
32.988120 -84.290263
32.987574 -84.268336
32.981274 -84.117460
32.925570 -84.120580
32.843443 -84.123403
32.792557 -84.131681
32.791588 -84.145826
32.690788 -84.197287
32.726820 -84.233566
32.720751 -84.249611
32.735673 -84.277153
