45.184936 -114.691929
45.187972 -115.968440
45.209048 -115.976535
45.157509 -116.049099
45.145204 -116.120396
45.125658 -116.134869
45.102384 -116.137112
45.106556 -116.305710
45.128403 -116.291908
45.198394 -116.314461
45.217033 -116.296790
45.260603 -116.331308
45.262351 -116.688813
45.335410 -116.672265
45.459864 -116.565772
45.493647 -116.554503
45.566058 -116.478551
45.606257 -116.470419
45.664491 -116.514915
45.710728 -116.528275
45.747425 -116.560632
45.780630 -116.654398
45.819169 -116.703180
45.819764 -116.773707
45.845867 -116.791262
45.863644 -116.752649
45.886948 -116.735567
45.946449 -116.744485
45.991657 -116.695855
45.985603 -116.652673
45.991062 -116.638894
46.020351 -116.639390
46.030377 -116.622957
46.024757 -116.579752
45.999450 -116.539317
46.001697 -116.526202
46.024055 -116.507045
46.112865 -116.506388
46.119618 -116.474840
46.181804 -116.452028
46.190777 -116.407945
46.181023 -116.376519
46.180841 -116.338433
46.165575 -116.306420
46.170447 -116.274849
46.151645 -116.188415
46.159794 -116.173217
46.200835 -116.145117
46.201386 -116.088613
46.219157 -116.009526
46.223716 -116.006825
46.278491 -116.111890
46.366373 -116.171284
46.354651 -116.127980
46.352882 -116.068752
46.299243 -115.999119
46.291236 -115.968983
46.284188 -115.888195
46.263899 -115.818180
46.265918 -115.787242
46.282677 -115.765888
46.333735 -115.737949
46.367606 -115.734005
46.413648 -115.660632
46.464729 -115.635196
46.618023 -114.636354
46.629048 -114.610826
46.637891 -114.540391
46.623575 -114.484718
46.645716 -114.441536
46.661597 -114.384018
46.654227 -114.334685
46.622840 -114.324712
46.587882 -114.343320
46.517390 -114.350115
46.506125 -114.360468
46.487372 -114.410715
46.428179 -114.384025
46.399546 -114.397017
46.392912 -114.409796
46.284711 -114.431796
46.252961 -114.473795
46.243783 -114.472834
46.220254 -114.439553
46.168969 -114.440879
46.155263 -114.467018
46.157418 -114.509614
46.136063 -114.518944
46.116143 -114.506569
46.107357 -114.477370
46.082230 -114.456030
46.050816 -114.465757
46.023411 -114.494321
46.009765 -114.474530
45.989807 -114.484455
45.971973 -114.412447
45.953979 -114.405291
45.921477 -114.429461
45.910651 -114.413530
45.870887 -114.392838
45.846453 -114.407525
45.852621 -114.443232
45.839468 -114.473803
45.842684 -114.499164
45.810068 -114.517376
45.762399 -114.563542
45.745999 -114.541958
45.722997 -114.534977
45.694401 -114.497561
45.674058 -114.510707
45.652394 -114.501742
45.624271 -114.564678
45.596397 -114.540958
45.548740 -114.560924
45.523643 -114.589161
45.512950 -114.631162
45.463199 -114.662169
45.463935 -114.678389
45.500133 -114.764254
45.496306 -114.781931
45.476821 -114.792331
45.433959 -114.798945
45.422862 -114.763589
45.392821 -114.743820
45.383559 -114.709739
45.312923 -114.642132
45.284297 -114.599719
45.225719 -114.672390
45.184936 -114.691929
