44.143806 -116.441052
44.146314 -116.902254
44.177304 -116.913051
44.197842 -116.981872
44.225182 -116.976127
44.247063 -116.992707
44.249337 -117.030352
44.231556 -117.052028
44.243847 -117.081387
44.267078 -117.100561
44.269805 -117.112692
44.250632 -117.143279
44.253333 -117.170723
44.284720 -117.213572
44.300665 -117.217456
44.339438 -117.201602
44.389983 -117.236921
44.427855 -117.217222
44.472987 -117.224410
44.485785 -117.203963
44.511806 -117.187391
44.534656 -117.145161
44.559287 -117.143940
44.572524 -117.130504
44.689336 -117.079354
44.697557 -117.066513
44.749116 -117.039572
44.776035 -116.951494
44.828940 -116.909621
44.830262 -116.620674
44.657347 -116.622936
44.643592 -116.597986
44.608474 -116.600123
44.605935 -116.521887
44.488270 -116.520156
44.440851 -116.407243
44.438952 -116.297857
44.365287 -116.336325
44.338813 -116.329557
44.278717 -116.344189
44.213505 -116.337168
44.142944 -116.351869
44.143806 -116.441052
