38.380228 -82.818506
38.409054 -82.931853
38.405247 -82.979873
38.441288 -83.034380
38.461040 -83.038523
38.484950 -83.122442
38.510042 -83.168586
38.534551 -83.150550
38.543802 -83.127333
38.576646 -83.094968
38.598615 -83.080655
38.628552 -83.079793
38.666020 -83.040463
38.714512 -83.026943
38.719643 -82.972483
38.746415 -82.921304
38.742775 -82.890312
38.719006 -82.873191
38.683301 -82.880012
38.652395 -82.860029
38.600459 -82.853857
38.571662 -82.826992
38.557289 -82.802364
38.553066 -82.741945
38.539143 -82.695579
38.502141 -82.669760
38.439866 -82.770646
38.421071 -82.775911
38.380228 -82.818506
