37.109525 -85.536199
37.121719 -85.632590
37.140864 -85.663955
37.179847 -85.691429
37.268467 -85.681693
37.294163 -85.705267
37.322300 -85.705564
37.365949 -85.694065
37.392160 -85.661998
37.417349 -85.669398
37.437750 -85.668925
37.449500 -85.653231
37.468360 -85.647036
37.462925 -85.590449
37.443992 -85.594348
37.427372 -85.585361
37.348874 -85.474186
37.236970 -85.398081
37.217114 -85.414789
37.211275 -85.376359
37.191698 -85.361253
37.181837 -85.364686
37.159459 -85.400606
37.109525 -85.536199
