36.692505 -83.884422
36.729962 -83.967312
36.765348 -83.976209
36.761183 -83.994360
36.795935 -83.989500
36.820628 -84.013014
36.826598 -84.034461
36.854346 -84.055481
36.855796 -84.067467
36.958603 -84.101525
36.968704 -84.093880
36.991411 -84.033370
36.978999 -83.970227
36.999823 -83.939250
37.008822 -83.947239
37.036887 -83.935329
37.039629 -83.906252
37.056067 -83.877229
37.033449 -83.832213
37.037805 -83.789724
37.022092 -83.783994
37.031503 -83.752666
36.989289 -83.705698
36.966088 -83.648636
36.957970 -83.593878
36.938709 -83.571752
36.915039 -83.579969
36.910679 -83.602233
36.873550 -83.651268
36.869598 -83.672898
36.814501 -83.745715
36.800829 -83.802037
36.723294 -83.843588
36.710850 -83.878448
36.692505 -83.884422
