37.191698 -85.361253
37.211275 -85.376359
37.217114 -85.414789
37.236970 -85.398081
37.348874 -85.474186
37.427372 -85.585361
37.443992 -85.594348
37.462925 -85.590449
37.456708 -85.538555
37.475347 -85.512021
37.467939 -85.479923
37.473665 -85.461040
37.463771 -85.395998
37.465232 -85.358773
37.436051 -85.301803
37.416924 -85.286643
37.418153 -85.269752
37.446337 -85.219404
37.456264 -85.179372
37.443718 -85.133100
37.416013 -85.094700
37.381828 -85.140790
37.356529 -85.144009
37.312423 -85.179616
37.302046 -85.194112
37.269129 -85.200071
37.258858 -85.282272
37.240238 -85.294898
37.241176 -85.322044
37.221130 -85.319695
37.191698 -85.361253
