32.152713 -93.180167
32.188467 -93.188857
32.205313 -93.203727
32.235513 -93.200790
32.239591 -93.417875
32.259240 -93.403646
32.279752 -93.404111
32.310551 -93.423528
32.362937 -93.398945
32.379878 -93.410100
32.388308 -93.430066
32.396178 -93.426656
32.398070 -93.411534
32.411783 -93.410572
32.411090 -93.228500
32.455812 -93.227332
32.458933 -93.145375
32.474134 -93.140637
32.541519 -93.171476
32.590224 -93.173727
32.585886 -92.872936
32.457165 -92.878903
32.456661 -92.771790
32.252048 -92.768289
32.180509 -92.813044
32.151529 -92.805880
32.152777 -92.932119
32.152713 -93.180167
