32.673434 -91.628074
32.641804 -91.638672
32.625455 -91.660012
32.618699 -91.703393
32.563182 -91.746470
32.576163 -91.803440
32.555095 -91.831128
32.526936 -91.848798
32.527985 -91.864058
32.551185 -91.887595
32.517484 -91.908340
32.539025 -91.902465
32.584216 -91.920158
32.614477 -91.911277
32.648099 -91.915565
32.662888 -91.905661
32.672989 -91.923408
32.663640 -91.934562
32.692714 -91.959442
32.713969 -91.966644
32.714450 -92.027719
32.696194 -92.029322
32.695988 -92.038584
32.707615 -92.048220
32.717239 -92.045802
32.730552 -92.061503
32.743147 -92.048273
32.763487 -92.055468
32.797413 -92.045649
32.820346 -92.058940
32.847308 -92.054896
32.871923 -92.074268
32.917988 -92.071391
32.933246 -92.060954
32.969702 -92.080181
33.010152 -92.063442
33.013999 -91.454470
33.013545 -91.427645
33.003112 -91.425195
32.989673 -91.439097
32.982132 -91.427423
32.968091 -91.450053
32.896381 -91.489269
32.871739 -91.543820
32.814604 -91.580557
32.801391 -91.580755
32.790603 -91.597930
32.762585 -91.585737
32.726824 -91.622962
32.710352 -91.626884
32.695979 -91.616149
32.673434 -91.628074
