32.587945 -91.441271
32.586168 -91.592543
32.673221 -91.590475
32.673434 -91.628074
32.695979 -91.616149
32.710352 -91.626884
32.726824 -91.622962
32.762585 -91.585737
32.790603 -91.597930
32.801391 -91.580755
32.814604 -91.580557
32.871739 -91.543820
32.896381 -91.489269
32.968091 -91.450053
32.982132 -91.427423
32.989673 -91.439097
33.003112 -91.425195
33.013545 -91.427645
33.013601 -91.254728
32.957813 -91.270437
32.936905 -91.297308
32.877611 -91.303610
32.863082 -91.329490
32.835636 -91.337051
32.810723 -91.328833
32.758700 -91.335265
32.726894 -91.358520
32.699009 -91.364952
32.702748 -91.386849
32.625163 -91.395348
32.618900 -91.388665
32.612049 -91.416818
32.587945 -91.441271
