43.816970 -70.784136
43.859288 -70.800548
43.871480 -70.777117
43.871404 -70.755540
43.904633 -70.753961
43.929154 -70.731820
43.946842 -70.746858
43.966655 -70.718584
44.038236 -70.804150
44.049566 -70.848249
44.066045 -70.851301
44.086155 -70.872657
44.092701 -70.860259
44.079026 -70.822050
44.168481 -70.622751
44.156774 -70.610582
44.121665 -70.588873
44.057020 -70.608484
44.009081 -70.543839
44.034504 -70.481373
44.018917 -70.464101
43.995355 -70.401722
44.003201 -70.388584
43.990655 -70.363170
44.039342 -70.310283
43.961193 -70.190537
43.949925 -70.194985
43.917853 -70.110992
43.938646 -70.089462
43.931769 -70.072700
43.973471 -70.034043
43.961031 -70.029678
43.920150 -69.974234
43.923328 -69.914311
43.955744 -69.857044
43.922561 -69.860332
43.876713 -69.886791
43.790732 -69.903132
43.768848 -69.972903
43.786208 -69.999500
43.845739 -69.987370
43.845601 -70.026403
43.789810 -70.156629
43.685796 -70.235798
43.577240 -70.222239
43.534909 -70.341611
43.610929 -70.492768
43.645737 -70.465668
43.715525 -70.555179
43.688182 -70.572383
43.696101 -70.596683
43.681784 -70.606892
43.700373 -70.621167
43.703844 -70.650129
43.761159 -70.646681
43.789398 -70.664321
43.804786 -70.696548
43.793003 -70.754190
43.804965 -70.777719
43.816970 -70.784136
