45.255971 -68.050137
44.955447 -67.979837
44.940894 -68.094801
44.674758 -68.031900
44.676258 -68.014398
44.591744 -67.994902
44.588364 -68.011261
44.484812 -67.986524
44.384957 -68.016393
44.381374 -68.074379
44.475237 -68.136265
44.490648 -68.245614
44.431387 -68.363766
44.465306 -68.428571
44.399049 -68.552186
44.289836 -68.530076
44.259887 -68.559427
44.346330 -68.740310
44.327432 -68.812852
44.413990 -68.813768
44.507285 -68.741349
44.552321 -68.745279
44.608907 -68.823552
44.664089 -68.823813
44.686306 -68.824004
44.687058 -68.796294
44.676262 -68.765615
44.666699 -68.766362
44.665360 -68.743962
44.699982 -68.718106
44.721027 -68.684284
44.705933 -68.649446
44.742996 -68.605310
44.765235 -68.445110
44.980058 -68.499699
44.995524 -68.376305
45.086837 -68.394539
45.103314 -68.275356
45.225625 -68.300564
45.255971 -68.050137
44.377253 -68.387921
44.398951 -68.350254
44.428858 -68.355449
44.437563 -68.238709
44.334496 -68.164769
44.290031 -68.304705
44.225079 -68.320712
44.270801 -68.402890
44.377253 -68.387921
