39.098257 -76.843407
39.105592 -76.859353
39.126512 -76.872811
39.128862 -76.889398
39.133687 -76.952228
39.144105 -76.950969
39.150559 -76.975834
39.161408 -76.969227
39.169266 -77.006558
39.176495 -77.001172
39.206916 -77.014028
39.236956 -77.047087
39.265681 -77.096229
39.263468 -77.112877
39.273520 -77.140168
39.296213 -77.149560
39.307600 -77.169725
39.328031 -77.182718
39.347501 -77.174303
39.363110 -77.088547
39.351724 -77.072548
39.353444 -77.046356
39.343389 -77.023818
39.354097 -76.980315
39.341604 -76.922704
39.346487 -76.900654
39.331873 -76.878765
39.312617 -76.836710
39.307387 -76.792169
39.284194 -76.778725
39.254337 -76.789116
39.235039 -76.744758
39.223194 -76.734786
39.220345 -76.714033
39.208027 -76.701695
39.194497 -76.712529
39.167607 -76.762671
39.116178 -76.804702
39.098257 -76.843407
