42.280581 -71.189966
42.299113 -71.164400
42.292632 -71.159082
42.311492 -71.127907
42.350596 -71.099770
42.351881 -71.117264
42.327490 -71.152696
42.348451 -71.176050
42.365762 -71.136224
42.352152 -71.116913
42.352389 -71.066604
42.374140 -71.083702
42.389810 -71.073105
42.387514 -71.052085
42.443307 -71.026710
42.444326 -71.011740
42.427850 -71.006857
42.432394 -70.960622
42.285629 -71.034162
42.270065 -71.044027
42.259475 -71.098426
42.233555 -71.118102
42.228958 -71.136268
42.280581 -71.189966
