32.056268 -90.229839
32.054312 -90.719583
32.229307 -90.724963
32.254117 -90.706919
32.267693 -90.715792
32.282753 -90.713854
32.308035 -90.693628
32.353105 -90.698107
32.359643 -90.683008
32.352868 -90.632447
32.357484 -90.626542
32.379288 -90.633362
32.452180 -90.588218
32.481221 -90.600570
32.505100 -90.580786
32.518554 -90.554869
32.512485 -90.521085
32.525741 -90.516355
32.530498 -90.493580
32.569655 -90.442378
32.495396 -90.442592
32.494644 -90.236570
32.411722 -90.236890
32.406313 -90.069070
32.398577 -90.067384
32.389823 -90.086320
32.352783 -90.111010
32.327076 -90.144984
32.304685 -90.155651
32.298162 -90.179997
32.275801 -90.184681
32.263880 -90.196507
32.206112 -90.178127
32.189545 -90.203976
32.181134 -90.235853
32.156919 -90.244825
32.152864 -90.237752
32.114108 -90.239018
32.102340 -90.225933
32.056268 -90.229839
