34.566010 -89.715494
34.561842 -90.199869
34.569913 -90.217242
34.588529 -90.218531
34.595231 -90.237018
34.617451 -90.242252
34.659870 -90.214725
34.669292 -90.233257
34.687976 -90.223369
34.702902 -90.233013
34.728922 -90.212009
34.729891 -90.201953
34.746393 -90.176372
34.761414 -90.170344
34.765241 -90.136248
34.759892 -90.116625
34.730547 -90.082833
34.711283 -90.026214
34.722826 -89.982672
34.753945 -89.921888
34.781719 -89.901899
34.781287 -89.721696
34.691373 -89.716402
34.692818 -89.665543
34.566093 -89.664155
34.566010 -89.715494
