45.841736 -111.659736
46.047940 -111.658600
46.050350 -111.785788
46.565959 -111.795792
46.566910 -111.648788
46.735001 -111.645775
46.778928 -111.609007
46.781946 -111.596067
46.756086 -111.522637
46.756720 -111.502777
46.739363 -111.458280
46.729060 -111.453122
46.700727 -111.466505
46.693216 -111.452382
46.678971 -111.452092
46.665952 -111.420757
46.637993 -111.418933
46.630727 -111.340522
46.582336 -111.342415
46.563461 -111.325736
46.538103 -111.352715
46.529493 -111.341820
46.521517 -111.293272
46.501970 -111.280515
46.495500 -111.263920
46.435951 -111.251415
46.424057 -111.224321
46.431984 -111.196106
46.449223 -111.174185
46.446336 -111.132876
46.430818 -111.095498
46.413334 -111.087013
46.404465 -111.054342
46.382946 -111.070541
46.359676 -111.067390
46.326861 -111.115351
46.274384 -111.126186
46.248840 -111.096407
46.244702 -111.078828
46.228649 -111.078424
46.215897 -111.058609
46.189460 -111.063699
46.182307 -111.346116
46.118078 -111.344910
46.098215 -111.389415
46.078111 -111.412815
45.996583 -111.426038
45.988431 -111.465842
45.967190 -111.468047
45.923520 -111.502503
45.924916 -111.526941
45.915784 -111.550837
45.898068 -111.563907
45.880192 -111.604497
45.855199 -111.624578
45.841736 -111.659736
