39.159171 -116.583191
39.157582 -117.343877
39.093152 -117.765675
39.127503 -117.781454
39.162457 -117.772932
39.176586 -117.760617
39.186275 -117.731632
39.231750 -117.706554
39.328093 -117.741393
39.366175 -117.741188
39.373942 -117.730552
39.370486 -117.700765
39.379226 -117.677640
39.402835 -117.670712
39.416633 -117.632732
39.431620 -117.626903
39.463278 -117.641476
39.492568 -117.585108
39.521620 -117.575800
39.518088 -117.554902
39.525088 -117.508437
39.516566 -117.485120
39.557917 -117.458547
39.589174 -117.464117
39.620061 -117.447004
39.640397 -117.465049
39.688931 -117.456993
39.742393 -117.466302
39.774039 -117.488649
39.833460 -117.481272
39.864809 -117.462305
39.903799 -117.463153
39.942750 -117.473606
39.976670 -117.494832
39.998272 -117.534606
40.529150 -117.294248
40.642640 -117.243230
40.642874 -117.010626
40.993520 -117.007029
40.994198 -116.583952
39.159171 -116.583191
