35.794060 -104.361232
35.821690 -104.370906
35.831871 -104.364032
35.839000 -104.372119
35.846439 -104.364848
35.852496 -104.380390
35.861602 -104.380970
35.878493 -104.371417
35.877684 -104.362369
35.899370 -104.359340
35.929292 -104.334757
35.933881 -104.347560
35.944379 -104.337245
35.953752 -104.344630
35.962014 -104.323641
35.983723 -104.344501
36.004413 -104.339244
36.016903 -104.356693
36.041461 -104.357463
36.051616 -104.373363
36.064380 -104.362896
36.087870 -104.383114
36.094619 -104.404934
36.114314 -104.397465
36.136939 -104.418904
36.147135 -104.400601
36.157084 -104.411404
36.176546 -104.409650
36.174440 -104.425755
36.187044 -104.434697
36.195150 -104.421079
36.219488 -104.428166
36.224224 -104.002458
36.176091 -104.002793
36.174329 -103.791726
36.093238 -103.786477
36.092250 -103.356003
35.744035 -103.363714
35.657306 -103.365599
35.656723 -103.372451
35.416458 -103.367555
35.397225 -103.393274
35.397522 -103.624367
35.427585 -103.625641
35.429138 -103.710322
35.812550 -103.967644
35.791543 -104.019007
35.794060 -104.361232
