35.150889 -80.071192
35.177225 -80.058847
35.208089 -80.065622
35.254371 -80.092126
35.291590 -80.093292
35.366513 -80.050526
35.376949 -80.051662
35.464499 -80.116084
35.474883 -80.161846
35.505259 -80.181683
35.505838 -80.064178
35.506072 -79.764749
35.278560 -79.707996
35.189881 -79.648138
35.159339 -79.607229
35.153986 -79.637062
35.173221 -79.697717
35.167459 -79.759609
35.173948 -79.836090
35.155867 -79.909237
35.150904 -79.975600
35.137290 -80.010460
35.136730 -80.064958
35.150889 -80.071192
