45.943547 -99.875783
45.940388 -100.514407
45.955933 -100.513590
45.990807 -100.534036
46.026909 -100.585244
46.053490 -100.604211
46.119140 -100.628410
46.174739 -100.616386
46.240732 -100.561710
46.278894 -100.584736
46.332155 -100.551684
46.363405 -100.554667
46.430891 -100.594676
46.471357 -100.599193
46.526857 -100.562639
46.565786 -100.578455
46.582376 -100.563051
46.595617 -100.578890
46.608206 -100.623867
46.635446 -100.649601
46.635702 -100.088490
46.634791 -99.915828
46.283964 -99.919051
46.283215 -99.878944
45.943547 -99.875783
