33.886730 -95.302188
33.897220 -95.336460
33.871025 -95.330272
33.865859 -95.451841
33.886538 -95.468359
33.881823 -95.499091
33.897840 -95.513122
33.885846 -95.544274
33.893262 -95.547731
33.897920 -95.526970
33.906747 -95.519814
33.904138 -95.546556
33.936177 -95.563013
33.944656 -95.606312
33.936794 -95.615071
33.920342 -95.613224
33.920208 -95.633733
33.894927 -95.699950
33.903498 -95.747109
33.893541 -95.760942
33.879106 -95.764497
33.880353 -95.823681
33.888654 -95.852033
33.921692 -95.885177
33.929576 -95.927973
33.936149 -95.933726
33.952750 -95.940066
34.123891 -95.942245
34.156739 -95.971093
34.165116 -96.002894
34.164154 -95.782876
34.158433 -95.158488
33.943653 -95.148544
33.964969 -95.234271
33.936550 -95.251521
33.905129 -95.251223
33.897907 -95.263850
33.918045 -95.277583
33.887009 -95.286662
33.886730 -95.302188
