36.008823 -99.384510
36.014472 -99.425412
35.996552 -99.474447
35.930043 -99.516950
35.898862 -99.548948
35.868970 -99.562177
35.851426 -99.605977
35.849347 -99.666708
35.867638 -99.722259
35.892685 -99.767594
35.920417 -99.799319
35.943114 -99.806071
35.986655 -99.801418
36.005286 -99.818997
36.010302 -99.837178
36.003977 -99.859373
35.972716 -99.898085
35.915572 -99.924856
35.883838 -99.998123
36.057591 -99.997554
36.492555 -100.001551
36.493913 -100.007273
36.595043 -100.006138
36.593914 -99.598080
36.162571 -99.588403
36.165302 -99.380390
36.008823 -99.384510
