45.454758 -121.814154
45.451276 -122.658875
45.424440 -122.654655
45.424821 -122.743135
45.513203 -122.742931
45.514252 -122.761257
45.526600 -122.761669
45.527885 -122.785230
45.541595 -122.785771
45.542186 -122.804067
45.554992 -122.804533
45.555244 -122.830618
45.569468 -122.829909
45.570594 -122.846305
45.583426 -122.846122
45.584349 -122.867073
45.599436 -122.867745
45.599360 -122.890565
45.612623 -122.891091
45.612142 -122.912569
45.626772 -122.913217
45.627458 -122.928934
45.714032 -122.929462
45.715131 -122.798240
45.725233 -122.797813
45.727686 -122.772551
45.649397 -122.760541
45.631046 -122.696323
45.606830 -122.651209
45.594819 -122.565430
45.564779 -122.437154
45.566171 -122.356458
45.543093 -122.303150
45.548113 -122.244922
45.590504 -122.082038
45.617824 -122.000012
45.635776 -121.972659
45.642028 -121.926821
45.581081 -121.915803
45.557431 -121.899079
45.546387 -121.913247
45.525364 -121.912347
45.508221 -121.892861
45.506398 -121.867348
45.481736 -121.853187
45.454758 -121.814154
