45.424821 -122.743135
45.326860 -122.743172
45.326959 -122.804880
45.342065 -122.804896
45.342958 -122.847851
45.313657 -122.847888
45.311814 -122.869152
45.311970 -122.907483
45.339360 -122.909254
45.339298 -122.972915
45.355717 -122.974380
45.357189 -122.992707
45.370498 -122.991952
45.370429 -123.014047
45.384082 -123.015924
45.385184 -123.032282
45.397494 -123.033388
45.397863 -123.116665
45.412393 -123.119290
45.412820 -123.140149
45.428815 -123.140966
45.423824 -123.463230
45.424618 -123.484783
45.442524 -123.483921
45.444038 -123.461933
45.486660 -123.461499
45.488472 -123.442792
45.510425 -123.443608
45.511810 -123.424191
45.525585 -123.423566
45.526146 -123.402112
45.540921 -123.399625
45.542126 -123.364537
45.569188 -123.363858
45.571500 -123.314518
45.586194 -123.313953
45.586919 -123.298366
45.597383 -123.300007
45.598447 -123.335988
45.614442 -123.336858
45.614282 -123.379263
45.627965 -123.380568
45.628247 -123.423019
45.641541 -123.422996
45.642468 -123.442017
45.655759 -123.441994
45.657078 -123.462373
45.671288 -123.462442
45.672242 -123.480821
45.698338 -123.481402
45.702226 -123.360893
45.770982 -123.360940
45.771247 -123.034606
45.742404 -123.033957
45.741371 -122.995298
45.728508 -122.996099
45.728665 -122.930110
45.714032 -122.929462
45.627458 -122.928934
45.626772 -122.913217
45.612142 -122.912569
45.612623 -122.891091
45.599360 -122.890565
45.599436 -122.867745
45.584349 -122.867073
45.583426 -122.846122
45.570594 -122.846305
45.569468 -122.829909
45.555244 -122.830618
45.554992 -122.804533
45.542186 -122.804067
45.541595 -122.785771
45.527885 -122.785230
45.526600 -122.761669
45.514252 -122.761257
45.513203 -122.742931
45.424821 -122.743135
