41.239578 -75.495922
41.257909 -75.449565
41.641322 -75.466020
41.996368 -75.479732
41.998357 -75.382813
41.992845 -75.345657
41.961275 -75.324066
41.947604 -75.283690
41.868873 -75.254515
41.867840 -75.171284
41.855789 -75.148281
41.849182 -75.124751
41.836987 -75.117777
41.814148 -75.079843
41.797207 -75.096827
41.779042 -75.097155
41.770260 -75.061319
41.726708 -75.056970
41.714837 -75.065401
41.637315 -75.051325
41.613080 -75.072452
41.604478 -75.069865
41.454607 -75.190713
41.418870 -75.248851
41.371946 -75.265660
41.365472 -75.284841
41.371948 -75.345237
41.338787 -75.343803
41.322418 -75.315559
41.259483 -75.351731
41.240429 -75.352311
41.239578 -75.495922
