40.130478 -79.884535
40.158283 -79.901107
40.157607 -79.864973
40.163158 -79.859136
40.185569 -79.849042
40.200713 -79.863989
40.224257 -79.792484
40.241251 -79.805684
40.284093 -79.794400
40.291188 -79.778355
40.299276 -79.807553
40.320104 -79.784703
40.384785 -79.769872
40.399353 -79.741352
40.425686 -79.714390
40.529215 -79.708532
40.552176 -79.744345
40.552950 -79.777046
40.579207 -79.780312
40.592466 -79.774681
40.615709 -79.717277
40.633649 -79.703299
40.662751 -79.699348
40.680523 -79.668380
40.673062 -79.653601
40.655564 -79.642164
40.652707 -79.623296
40.628835 -79.612889
40.630170 -79.586880
40.603436 -79.584888
40.602395 -79.565479
40.580510 -79.572109
40.561170 -79.561862
40.528985 -79.504068
40.529145 -79.493791
40.540604 -79.486245
40.528340 -79.458077
40.507844 -79.463562
40.483026 -79.455017
40.482835 -79.438087
40.466150 -79.431594
40.462790 -79.413977
40.452464 -79.407049
40.444670 -79.382070
40.458521 -79.365514
40.463073 -79.333607
40.455016 -79.326145
40.452598 -79.304935
40.435035 -79.296031
40.433933 -79.277888
40.412781 -79.265886
40.428532 -79.242113
40.405904 -79.205330
40.406484 -79.161872
40.388983 -79.147574
40.397394 -79.128454
40.374682 -79.130949
40.367999 -79.121747
40.382045 -79.087056
40.381454 -79.061695
40.394343 -79.046276
40.421225 -79.035991
40.415271 -79.003253
40.394657 -78.982294
40.357239 -79.001429
40.284398 -79.061984
40.179148 -79.136127
40.164820 -79.156857
40.118227 -79.182248
40.104880 -79.196965
40.109056 -79.223516
40.089052 -79.259711
40.036822 -79.297477
40.038927 -79.340180
40.068162 -79.356553
40.099629 -79.405474
40.102520 -79.424189
40.131504 -79.456249
40.137058 -79.478054
40.136497 -79.513539
40.120960 -79.520917
40.123821 -79.540250
40.079751 -79.600301
40.090840 -79.615057
40.080628 -79.629187
40.081475 -79.659270
40.107621 -79.668479
40.103738 -79.683387
40.111771 -79.690849
40.110814 -79.719689
40.120232 -79.725396
40.129738 -79.752160
40.125191 -79.777887
40.131943 -79.805774
40.130478 -79.884535
