34.490062 -83.054995
34.518972 -83.079021
34.535017 -83.108121
34.567868 -83.137366
34.576832 -83.158951
34.598937 -83.164879
34.613322 -83.236987
34.662945 -83.298895
34.677693 -83.339790
34.709647 -83.350685
34.727382 -83.350334
34.752234 -83.323424
34.787244 -83.322691
34.805532 -83.302754
34.815080 -83.270114
34.839230 -83.267771
34.839710 -83.250421
34.850166 -83.250307
34.862385 -83.235688
34.878082 -83.243073
34.873821 -83.232804
34.889182 -83.219429
34.884170 -83.203513
34.910647 -83.182180
34.917651 -83.158353
34.932280 -83.155026
34.930476 -83.137562
34.940790 -83.125637
34.936125 -83.113101
34.954374 -83.127315
34.960893 -83.121402
34.954687 -83.115542
34.984162 -83.100450
35.000367 -83.106157
35.024293 -83.007147
35.055473 -82.887556
35.021279 -82.910981
35.001278 -82.911348
34.995866 -82.927989
34.983033 -82.932552
34.971815 -82.927074
34.970871 -82.910197
34.958576 -82.911418
34.950189 -82.901560
34.868822 -82.903538
34.805526 -82.891072
34.788663 -82.874760
34.767010 -82.886831
34.739235 -82.889151
34.727335 -82.855694
34.692182 -82.843768
34.647222 -82.842669
34.613614 -82.860431
34.601426 -82.857180
34.496368 -82.969336
34.476497 -82.981963
34.470828 -83.007950
34.490062 -83.054995
