36.056084 -87.181564
36.166352 -87.158804
36.173309 -87.166571
36.179165 -87.141302
36.214949 -87.184675
36.241236 -87.159902
36.258943 -87.183897
36.285187 -87.133992
36.295967 -87.128514
36.308063 -87.166967
36.306374 -87.196722
36.322010 -87.231658
36.322479 -87.280761
36.354125 -87.274696
36.354342 -87.262115
36.379053 -87.249373
36.417344 -87.187604
36.432571 -87.177411
36.418682 -87.162976
36.423798 -87.146229
36.448936 -87.155743
36.461043 -87.125606
36.363980 -86.971482
36.382202 -86.911415
36.342123 -86.904220
36.250036 -86.968454
36.133058 -86.994021
36.101702 -87.035496
36.049114 -87.037777
36.049313 -87.047451
36.056084 -87.181564
