36.166633 -83.732251
36.171596 -83.722164
36.185676 -83.731374
36.213641 -83.698956
36.261786 -83.707831
36.285746 -83.686553
36.309424 -83.687584
36.339625 -83.673241
36.328380 -83.656943
36.364598 -83.571126
36.354017 -83.541050
36.360548 -83.526226
36.355112 -83.517497
36.366114 -83.510326
36.359400 -83.494257
36.371256 -83.495028
36.373629 -83.487971
36.364013 -83.459535
36.369552 -83.452218
36.383845 -83.456232
36.401282 -83.441652
36.422031 -83.402741
36.412822 -83.391457
36.419754 -83.375991
36.411232 -83.369239
36.414585 -83.346052
36.408341 -83.321927
36.387464 -83.296146
36.394060 -83.274409
36.382090 -83.271388
36.375380 -83.282252
36.337055 -83.261941
36.308716 -83.276307
36.296902 -83.258972
36.281091 -83.260849
36.263821 -83.278290
36.263959 -83.289719
36.293941 -83.324427
36.261698 -83.377964
36.244341 -83.429670
36.227667 -83.423581
36.217920 -83.437512
36.222764 -83.443410
36.194990 -83.451344
36.186711 -83.467427
36.174550 -83.469548
36.158860 -83.491925
36.175339 -83.512312
36.165245 -83.528532
36.187263 -83.559913
36.181292 -83.567810
36.168727 -83.561942
36.170283 -83.574958
36.159194 -83.580390
36.166747 -83.586082
36.127780 -83.606818
36.139094 -83.615074
36.139513 -83.632729
36.115695 -83.619742
36.096282 -83.622389
36.096415 -83.634360
36.116442 -83.644218
36.119398 -83.667389
36.114610 -83.671746
36.086527 -83.655089
36.082335 -83.662261
36.087843 -83.672668
36.128564 -83.696924
36.136654 -83.723124
36.166633 -83.732251
