36.394060 -83.274409
36.420806 -83.194833
36.447863 -83.199449
36.445964 -83.180688
36.512198 -83.118317
36.538230 -83.069617
36.565438 -82.992633
36.547502 -82.980411
36.553449 -82.964396
36.544496 -82.950243
36.591041 -82.849823
36.591546 -82.610839
36.580102 -82.604193
36.574006 -82.616820
36.527512 -82.614760
36.509332 -82.630774
36.495278 -82.631484
36.451176 -82.703188
36.429715 -82.685631
36.414884 -82.688698
36.368584 -82.810893
36.368675 -82.853268
36.346591 -82.889577
36.322954 -82.955755
36.238942 -83.083106
36.283703 -83.112482
36.318533 -83.151883
36.322787 -83.146374
36.332956 -83.158109
36.335791 -83.151570
36.348733 -83.164228
36.337209 -83.178358
36.311895 -83.181051
36.293691 -83.232352
36.296902 -83.258972
36.308716 -83.276307
36.337055 -83.261941
36.375380 -83.282252
36.382090 -83.271388
36.394060 -83.274409
