35.717875 -86.693158
35.761937 -86.694371
35.770578 -86.675900
35.771672 -86.645801
35.795216 -86.643215
35.793454 -86.608103
35.900989 -86.606280
35.922168 -86.618541
35.945044 -86.607440
35.977842 -86.612445
35.981581 -86.598086
36.005655 -86.598872
36.024888 -86.587321
36.044495 -86.554125
36.068454 -86.550348
36.066272 -86.517404
36.097723 -86.504770
36.050739 -86.424088
36.035336 -86.372917
36.017110 -86.370254
35.987535 -86.299231
35.974397 -86.283293
35.956270 -86.152708
35.935416 -86.153631
35.917110 -86.132276
35.910659 -86.145063
35.895374 -86.150282
35.893974 -86.165114
35.853166 -86.166907
35.797778 -86.182960
35.763985 -86.175926
35.744729 -86.201714
35.711877 -86.212212
35.698396 -86.233757
35.675440 -86.240975
35.665637 -86.231201
35.640289 -86.233986
35.654596 -86.309266
35.671861 -86.309670
35.675279 -86.318596
35.656198 -86.369233
35.634531 -86.374085
35.634405 -86.386544
35.621267 -86.387650
35.622545 -86.401749
35.633520 -86.404702
35.633348 -86.415467
35.653451 -86.420311
35.646206 -86.456276
35.653450 -86.455422
35.652905 -86.469605
35.663875 -86.472565
35.662903 -86.487892
35.675464 -86.499863
35.689479 -86.497604
35.707312 -86.538842
35.710860 -86.627681
35.693255 -86.631740
35.717875 -86.693158
