36.429715 -82.685631
36.451176 -82.703188
36.495278 -82.631484
36.509332 -82.630774
36.527512 -82.614760
36.574006 -82.616820
36.580102 -82.604193
36.591546 -82.610839
36.591801 -82.296858
36.594072 -82.216661
36.595150 -82.154181
36.595951 -81.929303
36.613609 -81.918294
36.611596 -81.828898
36.573967 -81.915196
36.503368 -81.986058
36.492676 -81.996885
36.488413 -82.030608
36.460325 -82.068978
36.455139 -82.102778
36.418997 -82.158520
36.422438 -82.244783
36.395274 -82.299572
36.399759 -82.366783
36.393812 -82.389131
36.421197 -82.383103
36.426270 -82.407282
36.438573 -82.415301
36.443238 -82.448125
36.423705 -82.588710
36.441728 -82.665046
36.429715 -82.685631
