35.958875 -86.006443
35.977651 -86.090337
35.960668 -86.099629
35.957704 -86.123075
35.967477 -86.147665
35.956270 -86.152708
35.974397 -86.283293
35.987535 -86.299231
36.017110 -86.370254
36.035336 -86.372917
36.050739 -86.424088
36.097723 -86.504770
36.114587 -86.525759
36.127763 -86.526377
36.127919 -86.514406
36.142441 -86.514398
36.140030 -86.545275
36.244846 -86.581699
36.253040 -86.564257
36.303628 -86.554865
36.316072 -86.544093
36.314923 -86.534426
36.285696 -86.527010
36.278528 -86.512446
36.282381 -86.503160
36.306291 -86.497637
36.331444 -86.433785
36.304105 -86.394341
36.304246 -86.382340
36.349296 -86.369613
36.345913 -86.344611
36.339886 -86.339721
36.303018 -86.352684
36.315617 -86.314452
36.311868 -86.292906
36.342159 -86.288756
36.346370 -86.276571
36.343204 -86.260137
36.312939 -86.265433
36.297704 -86.255804
36.300474 -86.240835
36.343708 -86.228681
36.350430 -86.208951
36.316831 -86.175565
36.299788 -86.134045
36.271152 -86.116483
36.136863 -86.070622
36.120602 -86.057675
36.092801 -86.053814
36.048048 -86.044468
35.999893 -86.011952
35.958875 -86.006443
