29.594941 -98.327630
29.621841 -98.348604
29.658551 -98.352076
29.671148 -98.367053
29.673711 -98.385379
29.711272 -98.384647
29.716768 -98.354067
29.735199 -98.361056
29.725927 -98.384357
29.737913 -98.389385
29.753434 -98.416935
29.733831 -98.423611
29.731731 -98.436788
29.721700 -98.440129
29.744536 -98.467558
29.740809 -98.496001
29.763193 -98.559197
29.749319 -98.584138
29.754171 -98.605074
29.742398 -98.615786
29.750826 -98.630358
29.745972 -98.645152
29.751558 -98.652416
29.948110 -98.418997
30.039314 -98.302806
29.844386 -98.037928
29.757702 -98.006868
29.691784 -98.086711
29.594941 -98.327630
