30.246955 -95.806250
30.223956 -96.101539
30.237589 -96.111473
30.243582 -96.086852
30.292952 -96.084502
30.299269 -96.094787
30.313514 -96.096229
30.313190 -96.125900
30.337134 -96.142777
30.345101 -96.134987
30.389638 -96.138717
30.395598 -96.112998
30.425365 -96.100447
30.429546 -96.076383
30.443366 -96.078909
30.455759 -96.118628
30.616553 -96.175834
30.739632 -96.163146
30.800463 -96.176269
30.833739 -96.173111
30.847607 -96.034413
30.869099 -95.908608
30.867813 -95.861755
30.634122 -95.827330
30.352111 -95.801939
30.246955 -95.806250
