27.288040 -97.785018
27.277556 -97.820167
27.259236 -97.826248
27.253989 -97.840157
27.243852 -97.885820
27.246578 -97.930148
27.238802 -97.956859
27.218718 -97.967541
27.214903 -97.984974
27.262858 -97.984868
27.263853 -98.062415
27.638053 -98.062635
27.640962 -97.948268
27.617960 -97.879640
27.593004 -97.875650
27.557242 -97.838647
27.562637 -97.331727
27.321345 -97.412528
27.319988 -97.500703
27.439532 -97.507808
27.344420 -97.528651
27.300455 -97.600383
27.419983 -97.750349
27.294693 -97.680279
27.288040 -97.785018
27.581449 -97.248939
27.574323 -97.223983
27.284040 -97.359380
27.284965 -97.376356
27.441138 -97.335770
27.581449 -97.248939
