39.360966 -109.051417
38.494651 -109.053948
38.498021 -110.039706
38.512231 -110.041896
38.510701 -110.014910
38.519898 -109.992799
38.541977 -110.005434
38.554115 -109.987161
38.561329 -109.994142
38.557842 -110.012766
38.568065 -110.024775
38.566150 -110.039119
38.578094 -110.057461
38.593558 -110.033557
38.582137 -110.000407
38.601790 -109.994387
38.615126 -110.013187
38.603270 -110.028491
38.598819 -110.054310
38.604773 -110.063183
38.615004 -110.059262
38.613844 -110.038700
38.642420 -110.037747
38.643732 -110.052983
38.654073 -110.059095
38.651373 -110.067617
38.666620 -110.072080
38.658636 -110.091742
38.677842 -110.085791
38.685700 -110.096274
38.703938 -110.089225
38.697438 -110.111129
38.701996 -110.119568
38.715771 -110.105842
38.723786 -110.111000
38.735146 -110.102829
38.737991 -110.080672
38.756614 -110.072402
38.782943 -110.112511
38.805636 -110.103852
38.816500 -110.119401
38.829996 -110.116937
38.829981 -110.141223
38.859170 -110.134921
38.860246 -110.154369
38.890992 -110.159771
38.902169 -110.172948
38.914471 -110.165273
38.926269 -110.132137
38.966933 -110.144315
38.993243 -110.135304
39.011759 -110.149588
39.039136 -110.143440
39.076585 -110.130387
39.123733 -110.095598
39.145450 -110.110188
39.171332 -110.093449
39.186739 -110.068173
39.212000 -110.072897
39.209783 -110.057629
39.217103 -110.050382
39.266629 -110.066475
39.286080 -110.048522
39.295201 -110.057182
39.315598 -110.048073
39.325135 -110.031646
39.354138 -110.013938
39.455799 -110.011269
39.445691 -109.132061
39.454312 -109.131718
39.455030 -109.114299
39.491280 -109.112132
39.490605 -109.101435
39.500126 -109.100993
39.499752 -109.087870
39.508446 -109.088709
39.510628 -109.072916
39.517064 -109.074007
39.518170 -109.053529
39.360966 -109.051417
