41.258425 -111.051651
41.244944 -111.078614
41.209613 -111.101152
41.186332 -111.138575
41.179919 -111.167239
41.145308 -111.215932
41.144049 -111.228261
41.152300 -111.239813
41.209772 -111.203915
41.220346 -111.216512
41.226758 -111.247801
41.241059 -111.262549
41.302456 -111.263062
41.359966 -111.319058
41.360324 -111.337423
41.374492 -111.370009
41.364108 -111.413132
41.384299 -111.459361
41.409422 -111.483144
41.417085 -111.502783
41.461042 -111.488913
41.518041 -111.450651
41.538758 -111.425053
41.610565 -111.413808
41.650868 -111.389058
41.681075 -111.414351
41.715381 -111.408530
41.823994 -111.448602
41.847388 -111.485011
41.871199 -111.478190
41.901826 -111.492450
41.916647 -111.456064
41.937978 -111.454988
42.000171 -111.494586
41.996203 -111.048697
41.578592 -111.051069
41.258425 -111.051651
