37.792925 -78.492132
37.759737 -78.503912
37.755526 -78.520156
37.761072 -78.560402
37.749560 -78.581193
37.755030 -78.627849
37.729860 -78.653064
37.740885 -78.685254
37.752638 -78.688932
37.758241 -78.671559
37.770727 -78.693304
37.777200 -78.680013
37.790681 -78.692457
37.823712 -78.698233
37.841641 -78.718925
38.042545 -78.839138
38.081263 -78.779026
38.133351 -78.782856
38.177581 -78.757283
38.207098 -78.751935
38.235024 -78.724277
38.250977 -78.668871
38.274193 -78.658097
38.184109 -78.370351
38.127142 -78.207032
38.010577 -78.305355
37.792925 -78.492132
38.067357 -78.466599
38.065289 -78.498140
38.045167 -78.520075
38.024237 -78.529719
38.013434 -78.520807
38.016745 -78.503915
38.007949 -78.470498
38.047586 -78.444717
38.067357 -78.466599
