38.042545 -78.839138
38.030270 -78.883321
37.990663 -78.898343
37.952154 -78.896451
37.933218 -78.927015
37.932481 -78.950933
37.887132 -78.990279
37.889294 -79.035233
37.912521 -79.062554
37.900714 -79.099054
37.902147 -79.127673
37.889616 -79.149555
37.913708 -79.178097
38.085493 -79.482613
38.109452 -79.486772
38.143224 -79.444374
38.156403 -79.442383
38.181751 -79.501024
38.218940 -79.472154
38.214924 -79.439827
38.233498 -79.411598
38.276683 -79.403930
38.296973 -79.381576
38.340769 -79.363334
38.356112 -79.337897
38.370604 -79.338850
38.378157 -79.318487
38.412633 -79.317000
38.437307 -79.272359
38.480496 -79.231663
38.305514 -78.913728
38.302622 -78.889039
38.207098 -78.751935
38.177581 -78.757283
38.133351 -78.782856
38.081263 -78.779026
38.042545 -78.839138
38.083140 -78.857412
38.092428 -78.878057
38.080976 -78.928130
38.052569 -78.915304
38.045085 -78.895872
38.051368 -78.861508
38.073230 -78.851972
38.083140 -78.857412
38.145339 -79.040575
38.149798 -79.046519
38.169832 -79.039332
38.172212 -79.066318
38.181561 -79.079395
38.181321 -79.098134
38.144384 -79.114888
38.124682 -79.096317
38.117438 -79.060473
38.145339 -79.040575
