47.087615 -121.385914
47.084402 -121.443006
47.123482 -121.513679
47.119056 -121.578058
47.155542 -121.641995
47.152569 -121.702499
47.169630 -121.794498
47.145021 -121.840733
47.155476 -121.896223
47.142758 -121.943313
47.158478 -121.966523
47.178382 -122.064167
47.205680 -122.109693
47.256087 -122.152405
47.255819 -122.328862
47.318844 -122.420837
47.344323 -122.325376
47.390115 -122.319739
47.510242 -122.392634
47.595409 -122.382220
47.664180 -122.414815
47.774176 -122.394492
47.775521 -121.119238
47.743348 -121.085569
47.708460 -121.065884
47.670561 -121.117298
47.643599 -121.125682
47.596401 -121.117982
47.593921 -121.154764
47.558287 -121.221621
47.491104 -121.295724
47.455935 -121.360428
47.371477 -121.440468
47.360681 -121.461143
47.335184 -121.438667
47.296442 -121.427345
47.275310 -121.339698
47.254882 -121.330992
47.229217 -121.357344
47.193489 -121.308904
47.137554 -121.303890
47.131088 -121.319470
47.142528 -121.364911
47.139685 -121.382062
47.112749 -121.404928
47.087615 -121.385914
