47.360741 -122.802184
47.398887 -122.799553
47.398580 -122.637437
47.341450 -122.741549
47.266156 -122.769708
47.223131 -122.719802
47.162496 -122.761239
47.234826 -122.825108
47.337361 -122.773335
47.360741 -122.802184
47.398364 -122.558447
47.373927 -122.544125
47.333930 -122.588254
47.283332 -122.553156
47.251388 -122.580531
47.293399 -122.611546
47.270572 -122.606914
47.292085 -122.699745
47.398554 -122.628754
47.398364 -122.558447
46.762085 -122.231149
46.772671 -122.242609
46.771984 -122.284358
46.782111 -122.307742
46.816107 -122.307827
46.837301 -122.330136
46.841664 -122.394927
46.856529 -122.460603
46.869803 -122.484964
46.903070 -122.503711
46.939068 -122.568610
46.962681 -122.564628
46.974514 -122.578949
46.973430 -122.628122
46.996848 -122.640124
47.011309 -122.668675
47.054648 -122.688428
47.074476 -122.709486
47.098326 -122.700079
47.180060 -122.591807
47.287456 -122.530764
47.316276 -122.546588
47.259473 -122.424094
47.277722 -122.392844
47.301125 -122.441604
47.318844 -122.420837
47.255819 -122.328862
47.256087 -122.152405
47.205680 -122.109693
47.178382 -122.064167
47.158478 -121.966523
47.142758 -121.943313
47.155476 -121.896223
47.145021 -121.840733
47.169630 -121.794498
47.152569 -121.702499
47.155542 -121.641995
47.119056 -121.578058
47.123482 -121.513679
47.084402 -121.443006
47.087615 -121.385914
47.069350 -121.382023
47.053733 -121.381641
47.034750 -121.400349
47.002920 -121.404209
46.982508 -121.438770
46.965502 -121.452923
46.930380 -121.459178
46.909696 -121.501644
46.881063 -121.520275
46.841749 -121.500307
46.830988 -121.478326
46.799288 -121.450287
46.782332 -121.449143
46.784487 -121.754471
46.730373 -121.844043
46.748080 -121.965396
46.746542 -122.107207
46.762085 -122.231149
