47.119319 -117.040968
46.536602 -117.041926
46.427981 -117.038559
46.418782 -117.105120
46.425144 -117.155873
46.418201 -117.209899
46.449810 -117.218574
46.457580 -117.229805
46.473598 -117.241731
46.512104 -117.239893
46.537285 -117.256496
46.563347 -117.291601
46.574703 -117.336572
46.614886 -117.398909
46.654266 -117.417008
46.663349 -117.445513
46.692154 -117.471516
46.693916 -117.492040
46.672282 -117.513716
46.674329 -117.575259
46.667279 -117.614225
46.695954 -117.660822
46.698406 -117.721075
46.676642 -117.759209
46.632458 -117.787134
46.619896 -117.818058
46.617385 -117.854385
46.585912 -117.899570
46.581839 -118.022406
46.568510 -118.086277
46.549900 -118.119650
46.549049 -118.166522
46.585777 -118.214088
46.617532 -118.200789
46.644468 -118.214508
46.684821 -118.215256
46.720809 -118.243068
46.736087 -118.227457
46.747663 -118.162763
46.773406 -118.100265
46.769276 -118.041888
46.788766 -118.012367
46.808454 -118.017975
46.825636 -117.989721
46.841177 -117.997916
46.864776 -117.971066
46.909759 -117.969746
46.911194 -117.961796
47.256542 -117.960196
47.257396 -117.828037
47.258501 -117.042392
47.119319 -117.040968
