38.527423 -81.197179
38.532778 -81.215116
38.523508 -81.266448
38.536394 -81.290070
38.547485 -81.470846
38.593168 -81.516936
38.612447 -81.523886
38.666053 -81.549262
38.803504 -81.521437
38.898991 -81.528486
38.910152 -81.506017
38.921512 -81.505460
38.936912 -81.492101
38.947295 -81.451222
38.900517 -81.352221
38.918152 -81.280358
38.899033 -81.252739
38.892549 -81.257141
38.863230 -81.236702
38.853453 -81.245071
38.849822 -81.230102
38.827934 -81.218932
38.792291 -81.227745
38.789651 -81.209884
38.780943 -81.212989
38.757331 -81.183439
38.725983 -81.170057
38.674284 -81.169812
38.644363 -81.154163
38.632164 -81.121714
38.638534 -81.105524
38.619675 -81.083375
38.561342 -81.139414
38.527423 -81.197179
