39.347917 -81.009895
39.463058 -81.028610
39.473503 -81.060128
39.465244 -81.063294
39.468105 -81.090272
39.462638 -81.106699
39.467784 -81.117090
39.496451 -81.098245
39.532664 -81.037383
39.544143 -81.032569
39.581805 -80.983646
39.606941 -80.932611
39.594372 -80.922731
39.579800 -80.891580
39.598886 -80.856635
39.596036 -80.844557
39.558397 -80.827293
39.564135 -80.816215
39.549502 -80.786292
39.528850 -80.778191
39.515587 -80.747757
39.491414 -80.735337
39.473806 -80.696982
39.476030 -80.680982
39.464915 -80.672147
39.467421 -80.644825
39.451698 -80.620898
39.433414 -80.662419
39.430777 -80.712364
39.397078 -80.735291
39.346929 -80.831264
39.301675 -80.894620
39.322449 -80.897977
39.345402 -80.887738
39.386962 -80.910535
39.384356 -80.922918
39.397436 -80.942007
39.341601 -80.960181
39.347917 -81.009895
