43.284735 -111.047498
43.515528 -111.046771
43.982553 -111.050405
44.473323 -111.051561
44.664490 -111.051616
44.661321 -110.668351
44.579462 -110.668618
44.581957 -110.374527
44.551982 -110.370415
44.543743 -110.342017
44.544319 -110.310605
44.500207 -110.286587
44.428475 -110.295956
44.377409 -110.235467
44.328306 -110.220704
44.325716 -110.207665
44.303565 -110.192840
44.306376 -110.181579
44.295760 -110.154371
44.235435 -110.135480
44.212749 -110.112339
44.198772 -110.108524
44.193329 -110.117619
44.185040 -110.109203
44.165135 -110.115078
44.149510 -110.107288
44.140031 -110.094943
44.133962 -110.058016
44.007979 -110.057625
43.465213 -110.053867
43.379942 -110.053919
43.379795 -110.346817
43.283606 -110.346119
43.283943 -110.588904
43.227325 -110.590398
43.229002 -110.816148
43.256358 -110.816347
43.257435 -110.934982
43.285729 -110.934685
43.284735 -111.047498
