49035	Salt Lake	0-4	40	40	40	40	40	41	44
49035	Salt Lake	5-9	40	40	40	40	40	40	40
49035	Salt Lake	10-14	36	40	40	40	40	40	40
49035	Salt Lake	15-19	33	32	36	40	37	38	37
49035	Salt Lake	20-24	37	32	33	37	39	37	39
49035	Salt Lake	25-29	42	45	38	40	43	45	44
49035	Salt Lake	30-34	40	45	48	43	41	45	49
49035	Salt Lake	35-39	32	40	45	50	43	44	47
49035	Salt Lake	40-44	27	31	40	45	48	43	42
49035	Salt Lake	45-49	29	27	31	39	45	47	42
49035	Salt Lake	50-54	28	28	27	31	39	44	46
49035	Salt Lake	55-59	25	27	27	26	30	36	41
49035	Salt Lake	60-64	19	23	26	25	25	27	35
49035	Salt Lake	65-69	13	19	23	25	25	23	26
49035	Salt Lake	70-74	10	12	15	21	24	24	22
49035	Salt Lake	75-79	5	7	10	14	18	21	20
49035	Salt Lake	80-84	5	5	5	8	12	15	18
49035	Salt Lake	85+	5251	6224	6366	5910	4730	3888	3049
49035	Salt Lake	Total	5712	6717	6890	6474	5319	4498	3681
