02090	FairbanksNorthStar	0-4	7922	7294	7613	7318	7085	7092	7310	
02090	FairbanksNorthStar	5-9	6985	7047	7091	7415	7118	6886	6898	
02090	FairbanksNorthStar	10-14	6298	6472	6861	6900	7232	6934	6704	
02090	FairbanksNorthStar	15-19	6778	6095	6625	7020	7075	7402	7106	
02090	FairbanksNorthStar	20-24	10095	8978	7504	8146	8578	8677	8981	
02090	FairbanksNorthStar	25-29	9030	8578	8416	6931	7541	7999	8127	
02090	FairbanksNorthStar	30-34	7210	8150	8391	8243	6761	7365	7839	
02090	FairbanksNorthStar	35-39	6492	6427	7882	8121	7975	6491	7084	
02090	FairbanksNorthStar	40-44	5975	5910	6269	7711	7954	7810	6335	
02090	FairbanksNorthStar	45-49	6625	5529	5763	6121	7554	7800	7666	
02090	FairbanksNorthStar	50-54	6920	6570	5182	5404	5756	7170	7417	
02090	FairbanksNorthStar	55-59	6301	6642	6104	4734	4942	5286	6674	
02090	FairbanksNorthStar	60-64	4575	5852	6037	5505	4178	4364	4699	
02090	FairbanksNorthStar	65-69	2637	3979	5239	5415	4910	3656	3820	
02090	FairbanksNorthStar	70-74	1533	2425	3485	4648	4821	4364	3220	
02090	FairbanksNorthStar	75-79	965	1206	2026	2946	3973	4139	3754	
02090	FairbanksNorthStar	80-84	719	783	916	1569	2305	3142	3293	
02090	FairbanksNorthStar	85+	521	708	833	992	1518	2292	3270	
02090	FairbanksNorthStar	Total	97581	98645	102237	105139	107276	108869	110197	
