02198	PrinceOfWales-Hyder	0-4	218	197	207	210	221	231	232	
02198	PrinceOfWales-Hyder	5-9	192	255	206	215	218	229	238	
02198	PrinceOfWales-Hyder	10-14	205	208	264	214	224	226	237	
02198	PrinceOfWales-Hyder	15-19	161	166	169	226	173	184	186	
02198	PrinceOfWales-Hyder	20-24	160	130	154	156	211	159	170	
02198	PrinceOfWales-Hyder	25-29	148	174	138	161	163	219	166	
02198	PrinceOfWales-Hyder	30-34	157	184	188	151	176	178	234	
02198	PrinceOfWales-Hyder	35-39	184	173	195	199	162	187	189	
02198	PrinceOfWales-Hyder	40-44	195	183	175	197	202	165	190	
02198	PrinceOfWales-Hyder	45-49	231	197	188	181	202	206	171	
02198	PrinceOfWales-Hyder	50-54	248	236	195	187	180	200	205	
02198	PrinceOfWales-Hyder	55-59	245	249	225	186	177	170	191	
02198	PrinceOfWales-Hyder	60-64	163	220	234	211	172	164	157	
02198	PrinceOfWales-Hyder	65-69	118	150	198	212	190	154	144	
02198	PrinceOfWales-Hyder	70-74	60	97	132	177	188	169	136	
02198	PrinceOfWales-Hyder	75-79	42	50	80	111	149	160	144	
02198	PrinceOfWales-Hyder	80-84	29	34	36	60	84	117	125	
02198	PrinceOfWales-Hyder	85+	13	17	30	38	57	83	119	
02198	PrinceOfWales-Hyder	Total	2769	2920	3014	3092	3149	3201	3234	
