02275	Wrangell 	0-4	69	69	79	78	77	81	85	
02275	Wrangell 	5-9	71	87	75	85	83	82	86	
02275	Wrangell 	10-14	71	60	89	77	86	84	83	
02275	Wrangell 	15-19	66	55	50	80	66	76	74	
02275	Wrangell 	20-24	46	51	48	43	71	58	67	
02275	Wrangell 	25-29	55	97	66	63	58	87	72	
02275	Wrangell 	30-34	46	57	103	71	68	63	91	
02275	Wrangell 	35-39	55	46	59	105	73	70	63	
02275	Wrangell 	40-44	70	55	51	64	109	77	74	
02275	Wrangell 	45-49	84	67	60	56	68	114	83	
02275	Wrangell 	50-54	113	103	63	57	52	64	109	
02275	Wrangell 	55-59	112	122	103	63	56	52	64	
02275	Wrangell 	60-64	89	121	117	97	60	53	49	
02275	Wrangell 	65-69	59	70	111	107	89	53	47	
02275	Wrangell 	70-74	48	59	60	97	95	77	45	
02275	Wrangell 	75-79	30	37	53	54	88	85	70	
02275	Wrangell 	80-84	21	26	29	42	44	72	69	
02275	Wrangell 	85+	22	19	25	30	42	50	73	
02275	Wrangell 	Total	1127	1201	1241	1269	1285	1298	1304	
