21001
21003
21005
21007
21009
21011
21013
21015
21017
21019
21021
21023
21025
21027
21029
21031
21033
21035
21037
21039
21041
21043
21045
21047
21049
21051
21053
21055
21057
21059
21061
21063
21065
21067
21069
21071
21073
21075
21077
21079
21081
21083
21085
21087
21089
21091
21093
21095
21097
21099
21101
21103
21105
21107
21109
21111
21113
21115
21117
21119
21121
21123
21125
21127
21129
21131
21133
21135
21137
21139
21141
21143
21145
21147
21149
21151
21153
21155
21157
21159
21161
21163
21165
21167
21169
21171
21173
21175
21177
21179
21181
21183
21185
21187
21189
21191
21193
21195
21197
21199
21201
21203
21205
21207
21209
21211
21213
21215
21217
21219
21221
21223
21225
21227
21229
21231
21233
21235
21237
21239
