51001
51003
51005
51007
51009
51011
51013
51015
51017
51019
51021
51023
51025
51027
51029
51031
51033
51035
51036
51037
51041
51043
51045
51047
51049
51051
51053
51057
51059
51061
51063
51065
51067
51069
51071
51073
51075
51077
51079
51081
51083
51085
51087
51089
51091
51093
51095
51097
51099
51101
51103
51105
51107
51109
51111
51113
51115
51117
51119
51121
51125
51127
51131
51133
51135
51137
51139
51141
51143
51145
51147
51149
51153
51155
51157
51159
51161
51163
51165
51167
51169
51171
51173
51175
51177
51179
51181
51183
51185
51187
51191
51193
51195
51197
51199
51510
51515
51520
51530
51540
51550
51570
51580
51590
51595
51600
51610
51620
51630
51640
51650
51660
51670
51678
51680
51683
51685
51690
51700
51710
51720
51730
51735
51740
51750
51760
51770
51775
51790
51800
51810
51820
51830
51840
